3.348166694969096113e+01 1.556943849118184531e+01 5.913075874790529873e+00 2.222178818015307034e+00 4.511569578547685033e+00 1.835253924795040126e+00 5.717068366502124910e-01 3.854147310375190538e-01 -7.758546446344396497e-01 2.491331115235459817e-02
-9.789004163478352893e+01 -1.701928208587750291e+01 -2.346139259545406919e+00 -4.098562758000727335e+00 4.998586448359635170e+00 -7.083617461665393522e-01 -8.287720489676629887e-01 2.192010882573406372e-01 -5.281512232278251506e-01 4.181400969964565312e-02
1.978059805720578481e+02 -3.728121147194479335e+01 -2.574516044984832330e+00 -6.230198218856435766e+00 5.913281959887317640e-01 -3.284984615183771162e+00 -2.039923248852304916e+00 -2.131036714166845980e-01 -2.462727136335339795e-01 9.005794796829144633e-02
3.535686261932157777e+02 6.488232997470839791e+01 -3.041602794890277650e+01 -1.656229799056411522e+01 -2.931721687560972178e+00 -6.616375480087871352e+00 -3.518476805957334808e+00 -3.214045715354759691e-01 1.126194004900908235e-01 1.023549978268462751e-01
-3.382475294553409384e+01 4.465434012813978626e+01 -8.086993465077951271e+01 -5.200117328797081484e+01 -2.054351430995459893e+01 -1.159499361921811911e+01 -3.397411529453851387e+00 -2.109489438363017222e-01 2.199051962443930863e-01 9.987943294447035325e-02
3.557800718716111987e+03 -1.382702135510525977e+03 -4.802451794054488232e+02 -2.333035796980042846e+02 -6.510854099980663534e+01 -1.842636570255810824e+01 -1.052603757648194055e-01 -1.946599624451390009e-01 -4.094798677108352908e-02 8.894575805327768758e-02
2.493329617707432590e+03 -3.343017240323833903e+03 -1.712597487530396847e+03 -7.889341097424993450e+02 -2.013613957332424320e+02 -2.391861456219384507e+01 3.149401936694474546e+00 -7.851247856123216851e-01 -1.308284729853277650e-01 7.209404591176400701e-02
-4.414535048156832090e+03 -4.460428087753022737e+03 -4.741119075849322144e+03 -1.714058366752852407e+03 -3.176130049245332430e+02 -3.312998975153829662e+01 -1.179155860030207670e+00 -9.436743026093045994e-02 -6.818903873621069700e-02 4.143309923526311556e-02
-5.646260316488819808e+04 -7.133865869769282654e+03 -3.575366244844574339e+03 -9.515179882243610336e+02 -9.282407861189571463e+01 -2.098498359116216516e+00 -7.517459328810043306e-01 -1.099379029130268144e-02 4.028908221292547102e-03 -3.740480375949923122e-03
1.508954799939507502e+05 -1.418991037679169312e+04 -6.951339806809634183e+02 1.099640744620205908e+02 -8.743011898553682215e+00 2.669188446496919997e+00 3.908267494259433095e-01 -8.201380109074342395e-02 1.368457005187491415e-02 1.133647625025610908e-03
