1.743509418740139816e-01 3.624864176718848308e-01 2.461882043848156731e-01 1.661652209561440829e-01 6.326705143416358479e-02 7.940105028563902365e-03 5.997339575774294530e-03 4.866458785630568135e-03 4.319138644262371387e-07 2.556319013084923000e-09
3.596819658177971557e-02 2.007723567133559983e-01 1.738454693561261033e-01 1.119977243405185646e-01 7.149426396657404537e-02 9.807030213212041339e-03 6.284565339714030113e-03 4.417550807647088219e-03 2.261391966037664948e-06 3.431430569338689210e-07
7.423708706794822539e-03 6.901992159364127820e-03 3.628368019744229733e-02 1.120994117045805843e-01 3.823828217156585718e-02 6.891065900487732161e-03 6.006375841833360395e-03 4.785599286091235527e-03 1.466614328276034225e-06 3.201915464739324109e-07
3.370720872494416265e-02 3.674016889683869112e-03 1.857555384160390968e-02 3.411280248674817411e-02 3.271007220183923259e-02 3.692495310097699320e-03 5.726937420680412033e-03 4.595102532358908906e-03 3.476507247334246519e-07 5.085241648652179313e-08
1.939951355933634825e-02 1.380670292145033283e-03 1.192858282829513617e-04 4.016412406300563960e-03 1.054406116738315982e-02 1.501677620908468394e-03 6.049087776874853377e-03 4.538553343063201836e-03 5.447524771228725479e-07 3.931461757907146579e-09
2.319854996785600124e-04 4.664565878000996309e-04 5.070448371522161935e-06 4.977626962609670356e-05 1.394318466323962160e-04 4.148036613579314282e-06 5.906797872202285311e-03 3.518178398457685527e-03 7.301732500774851612e-07 2.385514563176883190e-08
8.550415360436780477e-04 1.770221134509487361e-04 1.820603246504330305e-05 4.962358008117546416e-06 5.269580117752880932e-05 5.676000509969384702e-04 3.641083363909545546e-03 1.456849264510428395e-03 3.628689136543541531e-06 2.309598868824451909e-10
4.465129011340127568e-05 1.622915116516231689e-07 2.143073208497261615e-05 1.833739841948279126e-06 2.820132169542161869e-08 7.344295048785009431e-05 2.195412193052059032e-04 2.350869960098238642e-05 6.679857229194718211e-07 5.612446210908373210e-10
6.408508117466233615e-04 5.002543547248641722e-04 1.634618700199812165e-06 5.061397522011133034e-06 3.565524607257173182e-07 9.628529327600424891e-09 1.794667535174613533e-07 2.009522281283940201e-08 2.296566821757208686e-09 2.774076350629005003e-11
3.518352939551303601e-04 1.746829154611083695e-06 1.027790926863201393e-04 2.819265687750552497e-06 2.266700890176037098e-07 1.530324311900059462e-08 1.961674076679208488e-07 3.242332309752420275e-08 2.033759296635793997e-09 1.912992051631970232e-10
