5.572376980191072818e-03 9.893136363000093816e-03 9.108316132547426142e-03 8.493053564128407590e-03 7.358628468429180731e-03 3.416771860740679123e-03 -4.495818571495626380e-03 -5.330611650705833690e-03 1.494190181744364842e-04 4.953875716215128281e-06
1.334987990488858967e-02 9.195328734000923418e-03 8.463593144729700604e-03 8.386178554738200897e-03 7.290220269458981203e-03 3.455753194900530820e-03 -4.438839701802730492e-03 -5.307161793195219919e-03 1.343424591967753263e-04 -4.246075564307482459e-07
2.526770266985337715e-02 6.962779728719004080e-03 8.638814380838974807e-03 8.167677618857152946e-03 6.661042387512041384e-03 3.431832032861139702e-03 -4.327128046008605310e-03 -5.263746446017167346e-03 1.332518114244167007e-04 1.328924360363780697e-07
4.772048680445627883e-02 1.258484001398406903e-02 9.172621909453592889e-03 7.993105663818915116e-03 6.755271381403094196e-03 3.013779672475975363e-03 -4.510424570698336535e-03 -5.311973371124425677e-03 1.203103158013981935e-04 5.126208020883443525e-06
-5.027049072896698778e-01 2.244507321098898524e-03 6.344710665227542255e-03 7.272888685576224185e-03 5.927146881549150842e-03 1.901501090556511394e-03 -4.991805694896766198e-03 -5.183010439704868917e-03 1.362673128114814990e-04 -4.511647187219382906e-07
3.985024229126785666e-01 -1.272154833151530745e-02 2.640133123619737947e-03 5.382001592981045315e-03 2.331946162826738309e-03 -7.636939772818228172e-04 -6.174958551774030469e-03 -4.823486849486942687e-03 1.404963132818657723e-04 1.421237799189189305e-06
-3.463461048734688852e+00 -2.051779842594187442e-01 -7.257918200005138674e-03 -1.844500834961631305e-03 -3.696477245145373281e-03 -6.121864843885953603e-03 -7.581798291818633330e-03 -3.454017323936779075e-03 1.768231177266179211e-04 3.897241971342444018e-06
1.378714844452008981e+00 9.367216833837745116e-02 -6.055426984006757885e-02 -6.035643250294366220e-03 -5.033582629086343768e-03 -5.258463729220528259e-03 -3.712746341474946251e-03 -3.323239910658761041e-04 6.636813164107911267e-05 6.082284602911316002e-06
-3.674160406985801597e+00 -6.443048591956392901e-01 -4.732481379238508146e-02 2.327330302738465223e-03 -2.721056139475881599e-04 5.866668492421111061e-04 3.175896091111332338e-04 6.632201236006028797e-05 -3.197628861008441946e-05 -4.526730695415582491e-07
4.282591110594839989e+00 6.898966627501237348e-01 3.117248250865408722e-03 -6.498734040315083671e-03 -1.113766436444124522e-03 1.561236906179280348e-04 3.884760846367739471e-06 1.903654335331786331e-05 5.882310579828913575e-07 2.222678088071510698e-08
