3.545223692962684581e-01 6.331015947363370922e-01 7.036539146637530440e-01 4.667382966541369083e-01 2.661580949522697193e-01 9.222247904384065290e-03 1.402846299177359091e-01 6.163211358615188623e-02 4.240509470400651102e-04 3.153552999472177476e-08
7.023578214812674358e-02 4.826662336227345307e-01 4.682207869654712584e-01 4.363829029995991426e-01 2.596838028058833236e-01 9.552131386936914964e-03 1.396482698598087990e-01 6.146526840223235505e-02 3.472401729116590197e-04 1.148893415729181296e-06
2.043768392053421298e-02 3.825706059799794528e-02 2.336575324533188835e-01 3.436317663992226601e-01 1.943802073395208829e-01 8.824020628438306729e-03 1.365635063389533388e-01 5.864746009369471019e-02 3.078762664634618687e-04 4.620273022721746176e-08
2.392214015671135108e-03 2.500248322955951532e-03 4.089747569866492016e-02 1.162694138895130347e-01 1.271596438518758920e-01 3.826758862556393047e-03 1.372743545483889049e-01 6.036636484722982671e-02 3.768229158604044613e-04 3.923990513032357384e-10
2.359293824324960528e-02 1.889445377763742393e-04 8.565735532240854790e-04 9.889567666931671497e-03 3.022447691074736306e-02 3.173541817392520089e-04 1.406705356613817681e-01 5.523474986738217962e-02 2.905884333741862451e-04 6.333457544068941931e-09
1.399294137793827275e-04 9.869296906861728565e-04 6.716266259809868605e-06 6.538099802259025266e-06 2.203782997010317732e-07 1.775496755703039747e-02 1.427873288992193013e-01 4.325877650542671315e-02 2.502597740450861283e-04 4.813052856285471801e-09
2.684388977928976630e-04 3.196274306759594129e-06 3.963739624635152323e-06 8.039033638225072951e-05 2.654848500266137560e-03 2.835678533594589157e-02 1.059411966572243735e-01 1.420566594807492165e-02 9.985329263899899203e-05 7.215300334015844533e-10
2.300179778854909564e-04 4.831568730270471325e-05 2.930681287743341527e-05 6.860244789959062087e-06 5.419015635042507628e-04 4.060031898765244923e-03 7.436041747699405867e-03 2.486774327522290619e-04 7.651732670798608151e-07 1.701568858287453688e-09
2.220133777350397162e-03 1.372734583198569962e-05 5.282306011815763574e-07 5.448790044410094519e-06 3.509358255944438979e-07 2.389525251293936065e-06 2.376343744137102326e-06 3.999266092831739035e-07 1.581941371184963856e-09 2.109010263005056961e-10
3.100756815702750873e-04 1.071241183764138497e-06 2.866955118643182044e-06 3.765914863692941179e-06 1.074016973031939385e-08 2.941991194401161036e-07 4.715388426577461245e-09 7.291596725323804316e-10 2.073951361311489296e-10 7.936871745433908984e-12
