3.247401794952139986e-01 6.697367750026874678e-01 7.259054718258960426e-01 5.360664418863367864e-01 3.231293528416850358e-01 4.758060575763275318e-02 4.498567736206557366e-02 5.156196704002147940e-02 1.002425389021737064e-04 4.421031280909383434e-07
2.023276582730207940e-01 5.536866175586282468e-01 5.495234359962402060e-01 4.910256471889467567e-01 3.037687833264783865e-01 4.604661560813213400e-02 4.445377188233222421e-02 5.134940588598591038e-02 8.105632601835226604e-05 3.248088913353125509e-09
5.163997265893707084e-02 5.121699072004281400e-02 2.639584487140579916e-01 3.799355164860780398e-01 2.263586048592561017e-01 4.399546376390015001e-02 4.162635758634524591e-02 5.038193230687800644e-02 7.951842357048111870e-05 3.183456255510800728e-10
6.682463036366597699e-03 9.252867203250284348e-03 4.589342162077603149e-02 1.429927424461175101e-01 1.580762720737201588e-01 2.969171173748049244e-02 4.337642238531515260e-02 5.128418301694526171e-02 6.510376248371256514e-05 4.728624302787087143e-07
3.751103620854216031e-02 1.533225203742592132e-05 1.690913727910948799e-03 1.564190708328376186e-02 4.414194118271842077e-02 7.874761473928293398e-03 4.707911248037943697e-02 4.851006011420534725e-02 8.357135116763424090e-05 3.668038337762839710e-09
9.715319926021386996e-04 2.515881574542559027e-05 1.365475885683497029e-05 5.952803080810164333e-04 8.824257505476580362e-04 4.347437130178414058e-04 5.135430648516785268e-02 4.097381892883487225e-02 9.103737655112439052e-05 3.660960906754766083e-08
5.058416428976532722e-03 3.951927747042392833e-04 7.176735564072253693e-06 5.375209006462425424e-06 2.266268844062012768e-04 5.335886944443186605e-03 3.931186782044199940e-02 2.011981015925833061e-02 1.535501396545711024e-04 2.793105797956907998e-07
1.483472308490473783e-04 1.488221167546934403e-05 9.185947304024085121e-05 1.128240791169803919e-05 8.948463455802744702e-05 1.097885030825076482e-03 5.000260386564868084e-03 1.929735060332972527e-04 2.735728145041921698e-05 7.109005690801692258e-07
9.295020135124793491e-04 6.582712868400056186e-04 5.129445991876540565e-05 1.503188202738790016e-06 2.421694974280807958e-07 1.365828227095798453e-05 4.464895186505825380e-05 1.336498580838350700e-05 1.268620695411770053e-05 4.283405768706014250e-09
3.399021837218232900e-04 2.067946998265938639e-04 7.097572618296577219e-08 3.708419105687272467e-06 1.282906078447924421e-06 3.130217062626465214e-07 2.390022248376406045e-09 6.473519395537731763e-07 4.710285022721292715e-09 1.050169623367532023e-11
