2.600000000000000000e+01 8.400000000000000000e+01 3.000000000000000000e+02 9.840000000000000000e+02 3.420000000000000000e+03 1.204800000000000000e+04 4.168800000000000000e+04 1.451400000000000000e+05 5.058960000000000000e+05 1.760826000000000000e+06
3.600000000000000000e+01 1.120000000000000000e+02 4.000000000000000000e+02 1.312000000000000000e+03 4.560000000000000000e+03 1.606400000000000000e+04 5.558400000000000000e+04 1.935200000000000000e+05 6.745280000000000000e+05 2.347768000000000000e+06
5.400000000000000000e+01 1.680000000000000000e+02 6.000000000000000000e+02 1.968000000000000000e+03 6.840000000000000000e+03 2.409600000000000000e+04 8.337600000000000000e+04 2.902800000000000000e+05 1.011792000000000000e+06 3.521652000000000000e+06
1.080000000000000000e+02 3.360000000000000000e+02 1.200000000000000000e+03 3.936000000000000000e+03 1.368000000000000000e+04 4.819200000000000000e+04 1.667520000000000000e+05 5.805600000000000000e+05 2.023584000000000000e+06 7.043304000000000000e+06
1.800000000000000000e+02 5.600000000000000000e+02 2.000000000000000000e+03 6.560000000000000000e+03 2.280000000000000000e+04 8.032000000000000000e+04 2.779200000000000000e+05 9.676000000000000000e+05 3.372640000000000000e+06 1.173884000000000000e+07
3.600000000000000000e+02 1.120000000000000000e+03 4.000000000000000000e+03 1.312000000000000000e+04 4.560000000000000000e+04 1.606400000000000000e+05 5.558400000000000000e+05 1.935200000000000000e+06 6.745280000000000000e+06 2.347768000000000000e+07
6.480000000000000000e+02 2.016000000000000000e+03 7.200000000000000000e+03 2.361600000000000000e+04 8.208000000000000000e+04 2.891520000000000000e+05 1.000512000000000000e+06 3.483360000000000000e+06 1.214150400000000000e+07 4.225982400000000000e+07
1.242000000000000000e+03 3.864000000000000000e+03 1.380000000000000000e+04 4.526400000000000000e+04 1.573200000000000000e+05 5.542080000000000000e+05 1.917648000000000000e+06 6.676440000000000000e+06 2.327121600000000000e+07 8.099799600000000000e+07
2.286000000000000000e+03 7.112000000000000000e+03 2.540000000000000000e+04 8.331200000000000000e+04 2.895600000000000000e+05 1.020064000000000000e+06 3.529584000000000000e+06 1.228852000000000000e+07 4.283252800000000000e+07 1.490832680000000000e+08
4.275000000000000000e+03 1.330000000000000000e+04 4.750000000000000000e+04 1.558000000000000000e+05 5.415000000000000000e+05 1.907600000000000000e+06 6.600600000000000000e+06 2.298050000000000000e+07 8.010020000000000000e+07 2.787974500000000000e+08
