2.333451946783814818e-02 2.637938188292200670e-02 2.566204842515505333e-02 2.433220882919553268e-02 1.878019380305133088e-02 3.486564845480577199e-03 -1.496184899675117967e-02 -1.187256755654448291e-02 2.262453691877233338e-04 7.035587059871489975e-03
1.403849444267707891e-03 2.750794801094389938e-02 2.624915121443336871e-02 2.226395578394879324e-02 1.787745401623034441e-02 3.664603229586309383e-03 -1.514045980334646768e-02 -1.203095047598438591e-02 2.945850576887327913e-04 1.033610844393551172e-02
-1.950858986687796851e-02 2.367409306211867848e-02 2.713800644165180465e-02 2.284413796487781700e-02 1.704976797652449361e-02 3.724517174772102712e-03 -1.524254211289636889e-02 -1.196421760193232264e-02 3.330755288857894440e-04 1.184948743799459775e-02
4.464078214370923586e-02 2.711863502434297413e-02 2.352697293818021770e-02 2.071827959922996343e-02 1.467657442462751843e-02 2.638943633193499300e-03 -1.526867541279813140e-02 -1.177466886059951381e-02 3.006534916366231320e-04 1.233867470652582829e-02
1.845243904389623490e-01 1.669871797513678702e-01 1.231265077660070179e-02 1.342521874425896093e-02 1.038803738059671834e-02 -1.108353767536451786e-03 -1.598131145706370090e-02 -1.159891435655993792e-02 2.938662798099050586e-04 1.255293436744387044e-02
2.893372800120697086e+00 -4.884997357209674290e-02 -1.051628577135049064e-02 4.066104423106075422e-03 -1.025606549306125196e-03 -8.009679087554299332e-03 -1.753029131148441458e-02 -1.042977987727954428e-02 3.533535615150318354e-04 1.253766504740818494e-02
3.201585154696386937e-01 4.135516925051720971e-01 4.386605387697978253e-02 -7.891465727722561749e-04 -1.278323400935860339e-02 -1.714050322158532438e-02 -1.822602470881366440e-02 -7.228356407126023883e-03 3.782674376058877265e-04 1.285257437044879172e-02
-2.877079414122488021e+00 -1.199054332158033365e+00 1.173233214278743414e-01 1.352937545537367080e-02 -1.410703478345261795e-02 -1.203221851613318384e-02 -7.694989114009571050e-03 -8.372352812804649330e-04 1.123999498603675583e-04 1.338321855247445909e-02
-6.339024335612588601e-01 4.269664743844052146e-01 1.296181209357293029e-01 -2.465722448333947450e-02 5.970257933000928360e-05 1.169227325540317690e-03 3.060236332024193653e-04 -5.041483488014367881e-05 2.105318579626004811e-04 1.208305546441347349e-02
3.839543224264631016e-01 4.801839301764831980e-01 5.782614047155361370e-02 6.724835481738139151e-03 -1.196823420250031893e-03 2.161197288622513919e-04 1.001438050654599550e-04 6.415871233208621162e-05 4.258586236512838146e-04 2.239966657474541417e-04
