4.081222297445982750e-02 5.523665329598283907e-02 3.092290086246111680e-01 1.063295506509035304e-06 1.024971560582143837e-01 8.106166454530450149e-02 8.631191218491285344e-02 3.465275596266667590e-02 2.047973001226590165e-02 1.465626664480947083e-02
6.974187398512336766e-02 1.185118864263560723e-01 2.576093684166386177e-01 2.668246741371096964e-02 2.661940935566186467e-02 3.714124881157356700e-02 3.616280085599664351e-02 5.815547994571528337e-03 3.462117253777446946e-02 1.431290595421042108e-03
3.856693104934628708e-03 2.357273108714441345e-01 3.426854539304407532e-01 1.017042050974230200e-01 8.326230001617628560e-04 1.723292285226747786e-03 5.685995634964184642e-03 6.289607075382404756e-04 3.035236069957585048e-02 5.188118023617591633e-04
3.022224084901748570e-02 1.669862790953545728e-01 2.849774769599872082e-01 1.460977698361065891e-01 9.303615491409809868e-03 3.028172863849972439e-03 1.275370631069915178e-05 3.309168178896459631e-03 1.740344684396205946e-02 9.733173604300459627e-04
4.294845657648918569e-02 1.246054406335359854e-01 2.191797179424318787e-01 1.298612943505929596e-01 2.732641416135562010e-02 9.452505262737080291e-03 2.422799800077066071e-04 2.615380612564507413e-03 1.206210463679052193e-02 5.808350011601887304e-04
1.610420986995034220e-02 1.448229813925308584e-01 1.931786101803660560e-01 8.799138173082977910e-02 1.759897432125840516e-02 6.655192267633426584e-03 1.367738166272511895e-05 4.024734067435204636e-04 6.636226293304914488e-03 6.238365469938205810e-04
2.516595260582873972e-02 1.137357701695681511e-01 1.521638801022915100e-01 7.399015717569612516e-02 7.934416083332295616e-03 7.067858719271944302e-04 1.673518737200916989e-03 2.759048687166103047e-04 1.713370064916034437e-03 5.049897193574420622e-04
3.554962965070777858e-02 1.323376783528850131e-01 1.387032540331671060e-01 4.513565185073603603e-02 2.152798669240139635e-04 9.014386034121439932e-04 3.768397736135074057e-03 1.210991283126070135e-03 2.742494333193577611e-05 1.843922847209403118e-04
2.288172930002305844e-02 1.319906120492456425e-01 8.965981842591116968e-02 4.944724539893289965e-03 9.771524886399249321e-03 3.819394834634834163e-03 9.581532053497203005e-04 8.705117500271693058e-04 3.460306982777006817e-04 2.544515280913493504e-05
1.495156931934014770e-02 8.916860522359130320e-03 1.415635511236380470e-02 2.425508528693186283e-02 9.382927244481455370e-04 1.803472570779933708e-03 3.301063074427382254e-07 7.832788318033353029e-09 1.318770604107189071e-07 3.199728273579371417e-08
