1.777997438365646055e-01 4.850026576357531205e-01 5.465258829929713347e-01 2.778589562593365425e-01 1.129032361689323305e-01 1.600141058847840206e-02 1.709936252903521137e-01 7.437828988037764079e-03 5.718489349097133438e-05 5.195671481582820861e-08
2.328521890182610327e-02 3.275662473248731610e-01 2.573725964909061026e-01 2.802601889211077668e-01 1.101320804307380774e-01 1.665950627414588062e-02 1.673501118154428480e-01 7.381111744204503673e-03 6.477844662305416853e-05 4.651381230604557874e-08
1.217805952519966303e-02 3.109487745782077775e-02 1.214284755111262742e-01 2.097947005195618664e-01 7.236246433701057357e-02 1.695242274890593898e-02 1.670416461241367723e-01 6.845574031190318660e-03 1.044413619744228596e-04 6.921409051702088916e-07
3.728296306635704434e-04 8.516116724833935718e-04 2.257049710307192092e-02 5.946636128394213600e-02 3.780719342210977357e-02 2.139306481895186796e-02 1.645892249040373234e-01 6.586550531650414708e-03 5.611554265013958629e-05 1.318416801336982488e-07
1.215769393711958225e-02 6.534489384830524964e-04 1.365739597435289076e-05 2.364363178119066339e-03 3.498791248432724706e-03 3.944864037998944972e-02 1.580741692206222015e-01 4.985783689510542988e-03 7.041676209484115678e-05 2.429625195914790096e-07
1.867492141016653760e-03 8.102029508723352898e-04 1.207756438413695906e-04 4.668723765739254830e-04 3.826597781538027595e-03 7.257386114360538099e-02 1.364215717618894597e-01 1.649546692048936818e-03 6.350556147402316846e-05 1.021215354241116733e-07
4.042647515590030646e-04 6.558926055462897754e-05 5.809743481399021582e-05 5.663804132847837913e-04 8.896592054341522643e-03 5.459927040119619962e-02 5.275308649887031770e-02 3.994006148737625872e-04 3.683400013756420188e-05 1.928986725210103302e-08
1.498041367279187184e-05 1.095714204568212406e-04 1.196714655542931415e-06 2.697822075727809628e-06 3.407714207258032840e-04 6.078316079143594513e-04 3.687054075576820891e-04 1.714481824899873844e-04 1.624533200699235667e-06 9.139823739188506552e-09
3.908557646883698521e-03 9.968924671709147281e-05 7.640073125748982684e-06 2.491429772062467562e-05 3.498687909576140094e-06 1.614452437165514331e-05 2.806092274832715553e-05 1.270948995631615041e-06 6.327665702314724450e-08 6.712754865698858911e-09
6.269348186222427994e-05 1.710666182575120467e-06 1.042067287907521653e-06 1.275888906088720746e-07 1.570158238779311326e-06 3.166374440921451683e-07 3.877739265808743221e-07 4.531794521397031122e-08 1.778661733601662292e-08 2.548712042675287358e-09
