3.606658497225415354e-03 2.188577839685046465e-03 2.292551182472860050e-03 1.808679136748513657e-03 8.573932996826363678e-04 -2.424049982861663319e-03 -1.065762404545923629e-02 -1.609143591187140246e-02 -9.936070711447149862e-04 -1.825670509770936829e-05
4.761960381658994317e-03 1.514804007823344206e-03 2.153137878654236888e-03 1.318989438902235314e-03 8.111278101837403288e-04 -2.505714672026859973e-03 -1.057787476144352035e-02 -1.607109936238230313e-02 -9.955674423576142337e-04 -1.727604098703609375e-05
-2.289898725786867519e-03 7.818127705373603730e-04 1.584153975430102829e-03 1.677605678404466699e-03 6.860136903967398517e-04 -2.548684433758649504e-03 -1.067848582859398827e-02 -1.610355373217990660e-02 -9.829529382306516350e-04 -1.781522617303554922e-05
-4.227133118766395262e-03 1.117091378425721926e-03 1.146910501103224353e-03 1.243798463900696238e-03 1.503572100754123038e-04 -2.819669283518867146e-03 -1.086685403346375825e-02 -1.606286258205078671e-02 -9.737988441163342342e-04 -1.849569975076686715e-05
6.503308866613434491e-02 -3.207102919997523345e-03 3.384965639086438480e-03 -2.086249715405204106e-05 -4.918898210842411996e-04 -3.682398177400983581e-03 -1.138574099093357835e-02 -1.600641338131400526e-02 -9.201585244509597871e-04 -1.884922028833148613e-05
1.955651965207036991e-01 -6.078344364019788726e-02 -6.722392008131489183e-03 -2.926802037366801543e-03 -3.136525036451181733e-03 -6.331364340763282091e-03 -1.290727572936215678e-02 -1.578588794767565862e-02 -7.485994806997410458e-04 -2.167904060010096906e-05
8.731543157592105975e-02 -6.132774234900294219e-02 2.222590939082791112e-03 -1.080807046293893840e-02 -1.110059575239188967e-02 -1.267368117504918436e-02 -1.617413778968452773e-02 -1.450686228124361057e-02 -2.328931206879385869e-04 -2.953832300618913862e-05
4.914304093046402699e-01 6.603152079592045781e-03 -1.557162227752307594e-02 -1.622246221803286953e-02 -1.631041228759939551e-02 -1.609190772092481542e-02 -1.484108618208997317e-02 -8.161572314118983179e-03 7.014697103506585324e-04 -4.186757986672711514e-05
-2.433705653454007189e-01 7.810752615541912379e-03 3.810319310331231144e-03 -1.708174590437703741e-03 -1.370577789195486949e-03 -1.319728153288982032e-03 -5.995168512951174313e-04 6.640408932340254467e-04 2.079525560089505139e-04 -1.147431367450606305e-05
3.876422287970895941e-02 8.089046967522889407e-04 1.017210451523668877e-03 1.629318740670570166e-05 -1.017390347421304333e-04 -3.226138944420146447e-05 -4.175941891529690584e-05 -5.894611936907751698e-05 -1.292226587709712220e-05 1.231129099544034387e-06
