5.762092445568751942e-02 2.001863795313502115e-02 3.104531268510165448e-02 5.233458773438051659e-02 3.949760471716613069e-02 9.048224529079176848e-03 9.556798996930610142e-04 7.288934260818722040e-03 1.198462400838496420e-04 8.105270355769154477e-07
1.567948658812893387e-02 2.337239560208725572e-02 1.697311234278251965e-02 3.380831586110333298e-02 3.455826025773640203e-02 1.238281971439856785e-02 1.717233492061918205e-03 6.809582492733688708e-03 1.168211561299947005e-04 3.911116313564250883e-09
1.745538259314718954e-02 4.502777455977316143e-03 2.409321800573296576e-02 3.509701600401416571e-02 3.751668632302303935e-02 4.468257038649574645e-03 1.617943698493779468e-03 6.785646642655502811e-03 7.601255351087587671e-05 3.250974854403161033e-07
1.042293249849873989e-03 1.595458962225011106e-04 8.641184699615432965e-03 1.983094098155674390e-02 2.294520601606223412e-02 7.787330562327561545e-03 1.512192805361916139e-03 6.967398183926018160e-03 7.004224185464535144e-05 2.237770341568449753e-08
1.679134570068211221e-02 9.497171887096207525e-05 5.544381454154349680e-03 9.996603967574442182e-03 1.017395053840309746e-02 3.515092792007949284e-03 1.802273280167795283e-03 7.163062417362136593e-03 5.452852003224487005e-05 1.871368004230848037e-08
5.305265386162292228e-03 3.430443521821332706e-03 9.104471896122290407e-05 4.817504336704212160e-04 1.279500653555801313e-03 4.350021762373318911e-04 2.360250729755066640e-03 5.904524762471841277e-03 4.302304442368097922e-05 6.363725427407464686e-08
1.122700639716491932e-03 7.431850187898989381e-05 3.681948417488201879e-05 2.947799572705525782e-05 5.673375242581668056e-06 5.303581203779878173e-05 2.011967769029582992e-03 3.724236406990628391e-03 1.121844705938489829e-05 7.975108843984849854e-08
9.650248639234952240e-04 1.218813530865094465e-04 2.258241400795320310e-05 5.099767527471106504e-06 2.027589036225619750e-05 5.451454227277621636e-05 4.676171737360052699e-04 5.455139544628624442e-04 3.863889686218344379e-06 6.950060940633906157e-08
9.517892408312110839e-06 1.627368520276482996e-04 6.513712122100451040e-06 1.548775541383121896e-05 1.989293843787005799e-06 1.633517832132474897e-06 7.086105311637499555e-07 9.097188489151043524e-07 2.450029267997761021e-08 1.728618782385855876e-10
1.809510988762422448e-06 1.504209934500979695e-04 1.323322329337888323e-06 3.749746026432483939e-08 8.020047500826085627e-07 7.381189280252454824e-10 3.429126124147097565e-07 2.604095401379117409e-10 2.263205534626144543e-08 5.596054275698971307e-11
