8.634424414551419846e-02 5.934136089876370368e-06 3.169137287705660055e-01 1.205807166544991677e-01 2.204996668199989129e-03 5.116383520932155093e-02 3.651232175365266147e-02 6.905146739337239678e-04 3.852571609367037853e-02 5.598675491738666285e-03
5.437286485078278442e-02 2.365946275913555219e-02 2.531177797244849592e-01 1.799671641317440729e-01 7.621671861670764473e-04 3.060848731443276821e-02 1.519727175194955128e-02 1.968874175469371036e-03 3.631058546379675733e-02 5.166420299367911013e-04
2.140956426369993587e-02 1.017812179832675995e-01 3.251933845665878065e-01 2.237138727260969129e-01 2.264175508521103913e-02 5.981439129049330103e-03 1.427807948412147766e-03 1.383208621181977738e-02 2.123250518415127977e-02 2.936526720815630233e-04
6.343751257394835384e-03 6.338970412164159074e-02 2.641419717074249829e-01 2.376551956932598519e-01 3.653466116637916344e-02 2.035979985853471656e-04 1.091404771072051723e-03 1.906507271423522193e-02 4.624275707022963353e-03 5.284954685875416268e-04
1.526387476367340942e-02 4.868069881946439359e-02 2.016532232814868264e-01 2.043099468568195520e-01 5.877686082957241792e-02 4.713237815768068009e-03 3.355538271615867308e-03 1.371037666929837869e-02 2.813576904069414525e-04 4.657318235951517032e-04
2.032219967517525771e-03 7.197535446177256990e-02 1.745426283176845783e-01 1.422060173126990790e-01 4.279132869702721720e-02 4.326135594164689721e-03 2.580535049810436712e-03 8.555483027883130712e-03 2.614589835333042766e-06 5.351710009207827400e-04
1.191390067360944410e-02 5.602973999506685038e-02 1.325627649224969951e-01 1.214501889818908748e-01 2.664966988761115901e-02 1.421847059882755393e-03 1.150850625417358664e-03 5.356742665065004211e-03 1.268617993912053782e-05 3.096229198907656768e-04
1.784814879497593695e-02 7.289921683170975941e-02 1.251092747803263794e-01 8.052947024158321754e-02 5.690135802479440348e-03 4.978711777417647649e-04 8.625017538864401033e-07 1.726982286680885364e-03 1.803338654981346103e-04 3.057180812492800117e-05
9.227566524481891491e-03 8.844124458674361422e-02 8.367115639135880301e-02 8.620679954065223541e-03 1.856254149395487885e-02 1.091054408768818082e-02 7.718366918308424253e-04 4.899015900520977285e-04 6.806984103793017014e-04 1.692184129200634829e-05
1.023124345136319086e-03 5.147471221320020288e-03 1.640266301983790871e-03 1.086782088168668919e-02 8.882628854872594857e-05 3.470326977607474496e-04 7.437496879599306041e-06 1.067202878151742083e-05 3.748449730524500752e-06 8.082468930478802382e-07
