5.086881035867672242e-03 6.201635393212364192e-03 6.315248052781751928e-03 5.796651780506251531e-03 5.348908944782240597e-03 3.644937848138894189e-03 -6.760063666245109612e-04 -4.879483418227022022e-03 -1.865701854321872135e-03 -8.212170393136500324e-02
7.117926583679484200e-03 6.180854255735229383e-03 5.609316426582088705e-03 5.765491433040385860e-03 5.353087197984133724e-03 3.655284416777877798e-03 -6.605526822292608373e-04 -4.828495273431248486e-03 -1.893790674250045783e-03 -8.313307774704488395e-02
1.332042291142072551e-02 5.806306885442556742e-03 5.764592758201798894e-03 5.679106609370410640e-03 5.125383503981218586e-03 3.695030305323507118e-03 -6.153491650411025901e-04 -4.861222926156262038e-03 -1.871946318366231581e-03 -8.197443120128627969e-02
-5.279362453948934983e-03 3.472710726750732890e-03 6.203363039486717648e-03 5.597548106009332322e-03 5.137649941471137370e-03 3.464074301060042927e-03 -7.599139857808212030e-04 -4.901180916184529057e-03 -1.874080075273826642e-03 -8.176839985907488617e-02
-2.356176205206264584e-01 -5.723574387230364463e-03 4.339310903921069808e-03 5.122022512517161036e-03 4.675335664749520267e-03 2.906309790336776208e-03 -1.055599401564399518e-03 -4.905260034263024538e-03 -1.853009684779018725e-03 -8.145451543056592136e-02
-1.833555460787816560e-01 -1.981393041286047541e-02 -7.588455218267307683e-04 3.143811283787308584e-03 3.030938552123297984e-03 1.549132538491687812e-03 -1.916356533646334723e-03 -4.983039579973464958e-03 -1.773118122657940839e-03 -7.998248833272086911e-02
-1.301089737335878738e+00 -1.073085873885421399e-01 3.838293594965743773e-03 1.652676441043110267e-05 -7.127619155337483296e-04 -1.677983582502168541e-03 -3.814226397238952657e-03 -4.999777706405546425e-03 -1.523461332127453403e-03 -7.745591496901166328e-02
7.819968241642084594e-01 3.839299923698905048e-01 3.095728984080068150e-02 -6.388956931313049571e-03 -4.470866307096513573e-03 -4.873736199623323120e-03 -4.958759131919963752e-03 -3.976453327406540700e-03 -8.621789700617797213e-04 -6.714042759869129351e-02
2.179679309050577274e+00 -4.002744319781907645e-02 -4.555255891397979456e-02 -4.758712634287479972e-04 -1.292603114925879168e-03 -2.063925566289238032e-03 -1.668055685590053797e-03 -9.519393787399826889e-04 -6.320338023670438437e-05 -3.302194892384328895e-02
-4.091537173866827359e+00 -9.672643328939816154e-01 -3.225012679121853909e-02 -1.541530591028168404e-02 3.925933805156063289e-04 2.171340323853345518e-04 3.674980357623569403e-05 2.177521176949882208e-05 6.316415083963897204e-06 9.570269184205609792e-02
