3.000000e-03	1.350100e+00
3.053405e-03	1.343612e+00
3.107760e-03	1.336621e+00
3.163084e-03	1.329166e+00
3.219392e-03	1.321288e+00
3.276702e-03	1.313022e+00
3.335033e-03	1.304399e+00
3.394402e-03	1.295445e+00
3.454828e-03	1.286191e+00
3.516329e-03	1.276663e+00
3.578926e-03	1.266887e+00
3.642637e-03	1.256888e+00
3.707481e-03	1.246686e+00
3.773481e-03	1.236304e+00
3.840655e-03	1.225759e+00
3.909025e-03	1.215072e+00
3.978612e-03	1.204257e+00
4.049437e-03	1.193332e+00
4.121524e-03	1.182311e+00
4.194894e-03	1.171214e+00
4.269570e-03	1.160068e+00
4.345575e-03	1.148886e+00
4.422934e-03	1.137678e+00
4.501669e-03	1.126451e+00
4.581806e-03	1.115217e+00
4.663370e-03	1.103981e+00
4.746385e-03	1.092752e+00
4.830879e-03	1.081538e+00
4.916876e-03	1.070343e+00
5.004405e-03	1.059176e+00
5.093491e-03	1.048040e+00
5.184164e-03	1.036942e+00
5.276450e-03	1.025885e+00
5.370380e-03	1.014872e+00
5.465981e-03	1.003908e+00
5.563285e-03	9.929956e-01
5.662320e-03	9.821387e-01
5.763119e-03	9.713402e-01
5.865712e-03	9.606028e-01
5.970131e-03	9.499290e-01
6.076409e-03	9.393207e-01
6.184579e-03	9.287799e-01
6.294675e-03	9.183081e-01
6.406730e-03	9.079064e-01
6.520780e-03	8.975759e-01
6.636861e-03	8.873322e-01
6.755008e-03	8.772227e-01
6.875258e-03	8.672493e-01
6.997649e-03	8.574101e-01
7.122219e-03	8.477035e-01
7.249006e-03	8.381274e-01
7.378050e-03	8.286801e-01
7.509391e-03	8.193596e-01
7.643071e-03	8.101640e-01
7.779130e-03	8.010914e-01
7.917611e-03	7.921397e-01
8.058557e-03	7.833070e-01
8.202013e-03	7.745910e-01
8.348022e-03	7.659942e-01
8.496631e-03	7.575320e-01
8.647885e-03	7.492034e-01
8.801831e-03	7.410058e-01
8.958518e-03	7.329362e-01
9.117994e-03	7.249921e-01
9.280309e-03	7.171705e-01
9.445514e-03	7.094688e-01
9.613660e-03	7.018840e-01
9.784799e-03	6.944133e-01
9.958984e-03	6.870537e-01
1.013627e-02	6.798022e-01
1.031671e-02	6.726557e-01
1.050037e-02	6.656182e-01
1.068729e-02	6.587200e-01
1.087754e-02	6.519616e-01
1.107118e-02	6.453397e-01
1.126826e-02	6.388507e-01
1.146886e-02	6.324912e-01
1.167302e-02	6.262578e-01
1.188082e-02	6.201470e-01
1.209232e-02	6.141552e-01
1.230758e-02	6.082790e-01
1.252668e-02	6.025147e-01
1.274967e-02	5.968585e-01
1.297664e-02	5.913066e-01
1.320764e-02	5.858607e-01
1.344276e-02	5.805481e-01
1.368206e-02	5.753700e-01
1.392563e-02	5.703230e-01
1.417353e-02	5.654033e-01
1.442584e-02	5.606075e-01
1.468264e-02	5.559319e-01
1.494402e-02	5.513727e-01
1.521004e-02	5.469261e-01
1.548081e-02	5.425880e-01
1.575639e-02	5.383543e-01
1.603688e-02	5.342206e-01
1.632236e-02	5.301822e-01
1.661293e-02	5.262389e-01
1.690867e-02	5.224171e-01
1.720967e-02	5.187189e-01
1.751603e-02	5.151404e-01
1.782784e-02	5.116774e-01
1.814521e-02	5.083255e-01
1.846822e-02	5.050802e-01
1.879699e-02	5.019365e-01
1.913160e-02	4.988890e-01
1.947218e-02	4.959320e-01
1.981881e-02	4.930591e-01
2.017162e-02	4.902635e-01
2.053071e-02	4.875375e-01
2.089619e-02	4.848779e-01
2.126817e-02	4.823213e-01
2.164678e-02	4.798716e-01
2.203213e-02	4.775227e-01
2.242434e-02	4.752675e-01
2.282353e-02	4.730985e-01
2.322982e-02	4.710071e-01
2.364335e-02	4.689836e-01
2.406424e-02	4.670173e-01
2.449263e-02	4.650962e-01
2.492864e-02	4.632063e-01
2.537241e-02	4.613321e-01
2.582408e-02	4.594561e-01
2.628379e-02	4.575666e-01
2.675168e-02	4.557357e-01
2.722790e-02	4.539763e-01
2.771261e-02	4.522763e-01
2.820594e-02	4.506222e-01
2.870805e-02	4.489983e-01
2.921910e-02	4.473871e-01
2.973925e-02	4.457682e-01
3.026865e-02	4.441188e-01
3.080748e-02	4.424126e-01
3.135591e-02	4.406194e-01
3.191409e-02	4.387051e-01
3.248222e-02	4.366307e-01
3.306045e-02	4.343659e-01
3.364898e-02	4.320413e-01
3.424799e-02	4.296865e-01
3.485766e-02	4.272825e-01
3.547818e-02	4.248081e-01
3.610975e-02	4.222394e-01
3.675257e-02	4.195499e-01
3.740682e-02	4.167098e-01
3.807272e-02	4.136862e-01
3.875048e-02	4.104421e-01
3.944030e-02	4.069369e-01
4.014241e-02	4.031251e-01
4.085701e-02	3.989573e-01
4.158433e-02	3.945332e-01
4.232460e-02	3.899548e-01
4.307804e-02	3.852150e-01
4.384490e-02	3.803079e-01
4.462541e-02	3.752284e-01
4.541982e-02	3.699731e-01
4.622837e-02	3.645400e-01
4.705131e-02	3.589291e-01
4.788890e-02	3.531508e-01
4.874140e-02	3.472928e-01
4.960907e-02	3.414002e-01
5.049220e-02	3.355050e-01
5.139104e-02	3.296440e-01
5.230588e-02	3.238590e-01
5.323701e-02	3.182122e-01
5.418472e-02	3.127851e-01
5.514930e-02	3.076421e-01
5.613104e-02	3.028526e-01
5.713027e-02	2.984712e-01
5.814728e-02	2.945090e-01
5.918240e-02	2.910322e-01
6.023594e-02	2.881125e-01
6.130824e-02	2.857172e-01
6.239963e-02	2.838546e-01
6.351044e-02	2.825886e-01
6.464103e-02	2.819390e-01
6.579175e-02	2.819404e-01
6.696295e-02	2.826454e-01
6.815500e-02	2.838745e-01
6.936827e-02	2.855941e-01
7.060314e-02	2.877928e-01
7.185999e-02	2.903502e-01
7.313921e-02	2.932859e-01
7.444121e-02	2.965779e-01
7.576638e-02	3.002351e-01
7.711515e-02	3.041147e-01
7.848793e-02	3.079850e-01
7.988514e-02	3.118103e-01
8.130723e-02	3.155601e-01
8.275463e-02	3.191592e-01
8.422779e-02	3.224742e-01
8.572719e-02	3.253728e-01
8.725327e-02	3.277541e-01
8.880652e-02	3.294503e-01
9.038742e-02	3.303696e-01
9.199647e-02	3.303253e-01
9.363415e-02	3.292694e-01
9.530099e-02	3.270421e-01
9.699751e-02	3.236504e-01
9.872422e-02	3.189958e-01
1.004817e-01	3.131986e-01
1.022704e-01	3.062749e-01
1.040910e-01	2.984163e-01
1.059440e-01	2.897571e-01
1.078300e-01	2.807328e-01
1.097495e-01	2.716688e-01
1.117032e-01	2.630139e-01
1.136917e-01	2.551710e-01
1.157156e-01	2.485913e-01
1.177756e-01	2.436966e-01
1.198722e-01	2.408711e-01
1.220061e-01	2.402829e-01
1.241780e-01	2.417429e-01
1.263886e-01	2.451653e-01
1.286385e-01	2.502692e-01
1.309284e-01	2.568090e-01
1.332592e-01	2.645247e-01
1.356314e-01	2.727572e-01
1.380459e-01	2.810484e-01
1.405033e-01	2.890367e-01
1.430045e-01	2.964260e-01
1.455502e-01	3.026567e-01
1.481413e-01	3.072615e-01
1.507784e-01	3.100112e-01
1.534625e-01	3.104286e-01
1.561944e-01	3.083169e-01
1.589749e-01	3.033932e-01
1.618049e-01	2.960383e-01
1.646853e-01	2.864566e-01
1.676170e-01	2.753619e-01
1.706008e-01	2.638000e-01
1.736378e-01	2.531014e-01
1.767289e-01	2.441992e-01
1.798749e-01	2.380619e-01
1.830770e-01	2.355713e-01
1.863361e-01	2.373547e-01
1.896531e-01	2.428054e-01
1.930293e-01	2.515749e-01
1.964655e-01	2.617083e-01
1.999629e-01	2.725248e-01
2.035226e-01	2.823715e-01
2.071456e-01	2.905910e-01
2.108332e-01	2.960581e-01
2.145863e-01	2.984516e-01
2.184063e-01	2.973468e-01
2.222943e-01	2.929337e-01
2.262515e-01	2.852208e-01
2.302792e-01	2.753924e-01
2.343785e-01	2.643565e-01
2.385508e-01	2.546641e-01
2.427974e-01	2.480224e-01
2.471196e-01	2.458321e-01
2.515187e-01	2.486002e-01
2.559962e-01	2.549742e-01
2.605533e-01	2.640253e-01
2.651916e-01	2.734755e-01
2.699124e-01	2.821094e-01
2.747173e-01	2.880862e-01
2.796077e-01	2.905531e-01
2.845852e-01	2.883349e-01
2.896513e-01	2.827881e-01
2.948076e-01	2.747358e-01
3.000556e-01	2.668217e-01
3.053971e-01	2.607831e-01
3.108337e-01	2.581516e-01
3.163670e-01	2.598031e-01
3.219989e-01	2.648212e-01
3.277310e-01	2.723819e-01
3.335651e-01	2.788665e-01
3.395031e-01	2.834168e-01
3.455468e-01	2.849061e-01
3.516981e-01	2.831595e-01
3.579589e-01	2.786702e-01
3.643312e-01	2.731056e-01
3.708169e-01	2.695035e-01
3.774180e-01	2.684959e-01
3.841367e-01	2.706851e-01
3.909750e-01	2.746796e-01
3.979349e-01	2.791319e-01
4.050188e-01	2.824585e-01
4.122288e-01	2.831061e-01
4.195672e-01	2.819292e-01
4.270362e-01	2.795977e-01
4.346381e-01	2.773718e-01
4.423754e-01	2.765828e-01
4.502504e-01	2.773342e-01
4.582656e-01	2.797188e-01
4.664234e-01	2.826789e-01
4.747265e-01	2.843401e-01
4.831775e-01	2.846264e-01
4.917788e-01	2.839536e-01
5.005333e-01	2.825291e-01
5.094436e-01	2.822401e-01
5.185125e-01	2.836793e-01
5.277429e-01	2.853638e-01
5.371376e-01	2.866204e-01
5.466995e-01	2.874036e-01
5.564316e-01	2.877103e-01
5.663370e-01	2.875247e-01
5.764187e-01	2.876576e-01
5.866799e-01	2.884920e-01
5.971238e-01	2.898452e-01
6.077536e-01	2.908678e-01
6.185726e-01	2.914236e-01
6.295842e-01	2.917349e-01
6.407918e-01	2.922216e-01
6.521990e-01	2.929960e-01
6.638092e-01	2.939852e-01
6.756261e-01	2.948847e-01
6.876533e-01	2.956821e-01
6.998947e-01	2.963793e-01
7.123539e-01	2.970461e-01
7.250350e-01	2.977350e-01
7.379418e-01	2.984967e-01
7.510784e-01	2.993861e-01
7.644488e-01	3.002803e-01
7.780572e-01	3.011401e-01
7.919079e-01	3.019904e-01
8.060052e-01	3.028669e-01
8.203534e-01	3.038054e-01
8.349570e-01	3.047142e-01
8.498206e-01	3.055765e-01
8.649488e-01	3.064170e-01
8.803463e-01	3.072722e-01
8.960179e-01	3.081926e-01
9.119685e-01	3.092457e-01
9.282030e-01	3.103604e-01
9.447266e-01	3.113943e-01
9.615442e-01	3.123557e-01
9.786613e-01	3.132616e-01
9.960831e-01	3.141390e-01
1.013815e+00	3.150279e-01
1.031863e+00	3.159836e-01
1.050231e+00	3.170803e-01
1.068927e+00	3.184115e-01
1.087956e+00	3.198007e-01
1.107323e+00	3.210856e-01
1.127035e+00	3.222623e-01
1.147098e+00	3.233323e-01
1.167519e+00	3.243047e-01
1.188302e+00	3.251978e-01
1.209456e+00	3.260421e-01
1.230986e+00	3.268828e-01
1.252900e+00	3.277835e-01
1.275204e+00	3.288293e-01
1.297904e+00	3.301318e-01
1.321009e+00	3.317904e-01
1.344525e+00	3.334613e-01
1.368460e+00	3.350234e-01
1.392821e+00	3.364677e-01
1.417615e+00	3.377897e-01
1.442851e+00	3.389914e-01
1.468536e+00	3.400831e-01
1.494679e+00	3.410861e-01
1.521286e+00	3.420354e-01
1.548368e+00	3.429832e-01
1.575931e+00	3.440027e-01
1.603985e+00	3.451924e-01
1.632539e+00	3.466807e-01
1.661601e+00	3.485701e-01
1.691180e+00	3.504612e-01
1.721286e+00	3.522348e-01
1.751928e+00	3.538801e-01
1.783115e+00	3.553916e-01
1.814857e+00	3.567703e-01
1.847165e+00	3.580263e-01
1.880047e+00	3.591818e-01
1.913515e+00	3.602739e-01
1.947579e+00	3.613586e-01
1.982249e+00	3.625152e-01
2.017536e+00	3.638508e-01
2.053451e+00	3.655060e-01
2.090006e+00	3.676077e-01
2.127212e+00	3.697334e-01
2.165080e+00	3.717321e-01
2.203622e+00	3.735917e-01
2.242850e+00	3.753048e-01
2.282776e+00	3.768717e-01
2.323413e+00	3.783024e-01
2.364774e+00	3.796196e-01
2.406871e+00	3.808630e-01
2.449717e+00	3.820926e-01
2.493326e+00	3.833940e-01
2.537711e+00	3.848838e-01
2.582886e+00	3.867152e-01
2.628866e+00	3.890419e-01
2.675664e+00	3.914214e-01
2.723295e+00	3.936643e-01
2.771774e+00	3.957563e-01
2.821117e+00	3.976886e-01
2.871337e+00	3.994602e-01
2.922452e+00	4.010806e-01
2.974476e+00	4.025734e-01
3.027427e+00	4.039803e-01
3.081320e+00	4.053654e-01
3.136172e+00	4.068209e-01
3.192001e+00	4.084728e-01
3.248824e+00	4.104879e-01
3.306658e+00	4.130469e-01
3.365522e+00	4.156934e-01
3.425434e+00	4.181921e-01
3.486412e+00	4.205268e-01
3.548476e+00	4.226868e-01
3.611645e+00	4.246702e-01
3.675938e+00	4.264862e-01
3.741376e+00	4.281596e-01
3.807978e+00	4.297346e-01
3.875767e+00	4.312803e-01
3.944762e+00	4.328965e-01
4.014985e+00	4.347203e-01
4.086458e+00	4.369338e-01
4.159204e+00	4.397472e-01
4.233244e+00	4.426932e-01
4.308603e+00	4.454814e-01
4.385303e+00	4.480930e-01
4.463369e+00	4.505155e-01
4.542824e+00	4.527454e-01
4.623694e+00	4.547913e-01
4.706003e+00	4.566783e-01
4.789778e+00	4.584530e-01
4.875043e+00	4.601885e-01
4.961827e+00	4.619916e-01
5.050156e+00	4.640098e-01
5.140057e+00	4.664396e-01
5.231558e+00	4.695196e-01
5.324689e+00	4.727827e-01
5.419477e+00	4.758748e-01
5.515952e+00	4.787748e-01
5.614145e+00	4.814680e-01
5.714086e+00	4.839496e-01
5.815806e+00	4.862277e-01
5.919337e+00	4.883284e-01
6.024711e+00	4.903013e-01
6.131961e+00	4.922249e-01
6.241120e+00	4.942149e-01
6.352222e+00	4.964313e-01
6.465302e+00	4.990884e-01
6.580395e+00	5.024558e-01
6.697536e+00	5.060716e-01
6.816763e+00	5.095043e-01
6.938113e+00	5.127300e-01
7.061623e+00	5.157317e-01
7.187331e+00	5.185026e-01
7.315277e+00	5.210502e-01
7.445501e+00	5.234012e-01
7.578043e+00	5.256074e-01
7.712945e+00	5.277528e-01
7.850248e+00	5.299609e-01
7.989995e+00	5.324043e-01
8.132230e+00	5.353147e-01
8.276997e+00	5.389905e-01
8.424341e+00	5.429890e-01
8.574308e+00	5.467896e-01
8.726945e+00	5.503653e-01
8.882299e+00	5.536965e-01
9.040418e+00	5.567742e-01
9.201353e+00	5.596050e-01
9.365152e+00	5.622161e-01
9.531867e+00	5.646622e-01
9.701549e+00	5.670327e-01
9.874253e+00	5.694603e-01
1.005003e+01	5.721314e-01
1.022894e+01	5.752970e-01
1.041103e+01	5.792850e-01
1.059636e+01	5.836853e-01
1.078500e+01	5.878743e-01
1.097699e+01	5.918231e-01
1.117239e+01	5.955108e-01
1.137128e+01	5.989287e-01
1.157371e+01	6.020850e-01
1.177974e+01	6.050111e-01
1.198944e+01	6.077686e-01
1.220287e+01	6.104578e-01
1.242010e+01	6.132272e-01
1.264120e+01	6.162847e-01
1.286623e+01	6.199100e-01
1.309527e+01	6.244692e-01
1.332839e+01	6.295775e-01
1.356566e+01	6.344514e-01
1.380715e+01	6.390438e-01
1.405294e+01	6.433119e-01
1.430310e+01	6.472208e-01
1.455772e+01	6.507476e-01
1.481687e+01	6.538870e-01
1.508064e+01	6.566587e-01
1.534910e+01	6.591148e-01
1.562234e+01	6.613499e-01
1.590044e+01	6.635117e-01
1.618349e+01	6.658133e-01
1.647159e+01	6.685471e-01
1.676481e+01	6.715764e-01
1.706325e+01	6.744230e-01
1.736700e+01	6.771851e-01
1.767616e+01	6.800123e-01
1.799083e+01	6.831143e-01
1.831109e+01	6.867735e-01
1.863706e+01	6.913588e-01
1.896883e+01	6.973429e-01
1.930651e+01	7.053216e-01
1.965019e+01	7.160392e-01
2.000000e+01	7.304220e-01
