7.199185221522312952e-03 2.729919242360509535e-02 3.761314502947957911e-02 1.145519452716501664e-02 3.960015696116313960e-02 2.577967383104081897e-02 2.546497644734150613e-03 4.763567630967338942e-03 1.751731978051386182e-02 7.920583743712727770e-05
2.183691418635669290e-02 5.183232302194556995e-02 9.330954124605808989e-03 3.087642148798131619e-02 3.209553536158449294e-02 2.121082672573266700e-02 2.639813861006294008e-03 5.003572186947376384e-03 1.843490152146781344e-02 1.036558124438947352e-04
2.890739420836749979e-02 7.232586310862968880e-05 1.718362129265878918e-02 2.667679481015877707e-02 3.527104670125405517e-02 2.294019546718849625e-02 2.830417715944216674e-03 5.296176786563182304e-03 1.755177852975408834e-02 9.847449497799303387e-05
7.300836935800290341e-03 9.712617577492415509e-06 5.308874773330933029e-03 2.328834905294703550e-02 2.324561301183285592e-02 1.992577400433593465e-02 2.168911780612112206e-03 5.446351718366995547e-03 1.726248548955950160e-02 8.992797138691591325e-05
4.181118698119967839e-05 9.907922411232276635e-05 5.897677262205830656e-04 5.619505211874876484e-03 1.386150979569870934e-02 1.282828352899567474e-02 2.104169285424686842e-03 5.312942300157054779e-03 1.684376438600337575e-02 8.032726449755348973e-05
2.594819385750121461e-03 8.286579788764858413e-04 4.456576211779736071e-04 2.846859085273547099e-03 4.067289346380546615e-03 4.494424331910996419e-03 7.359110423361957557e-04 5.440315389652058270e-03 1.661263607638985632e-02 6.717846216367529010e-05
4.965690519700906476e-04 3.540453751528019875e-04 5.015479730660813389e-05 3.134003349621225206e-04 2.660889488366372348e-04 7.723575402352492137e-04 3.199041274129881110e-05 5.482532478339249317e-03 1.474902353322784729e-02 4.245625028321102105e-05
1.161339100042298456e-05 3.012989210086681018e-05 2.852662221591528930e-04 1.785345397037360160e-05 2.110209050221691879e-05 4.908183809245686037e-06 2.018115213799736554e-04 4.336474916187119978e-03 9.381157967271373452e-03 1.323541216472519999e-06
5.925401801408092944e-04 1.400126002650102107e-04 2.589114743329311636e-05 6.445837740503738240e-05 1.557850959206024910e-06 1.193028738621571359e-05 1.559522157046136764e-04 1.047437563653283140e-03 1.283222023497304892e-03 4.160976518089411826e-05
8.565891936295569082e-05 4.796266747532823603e-05 4.173260327571073746e-07 9.402071979538192289e-06 2.909749209669948807e-06 6.251487384298069217e-08 2.565446726705231924e-07 1.452549308650171477e-07 7.095451806937036086e-06 5.237741347983769911e-07
