2.725028494153625786e-04 7.630466892625394038e-05 1.935194769505758103e-04 7.597096580649241810e-05 -1.863701100730774630e-04 -6.168585645843618686e-04 -2.615669104693530366e-04 7.541597381612552478e-07 3.073340636205762793e-11 -1.897237547392498698e-14
3.851684487730862067e-04 1.606984126772921853e-04 6.593786334073495077e-05 1.921510123325750286e-05 -1.815675846722332269e-04 -6.406172125336589756e-04 -2.592353333908446831e-04 7.396313752558123918e-07 4.445476460583370456e-10 2.493321991727726721e-14
2.946651620962307400e-03 -2.215891919303867945e-04 7.666089399703438867e-05 3.636390743046208118e-05 -2.066730979145355203e-04 -6.450464298534425850e-04 -2.579925115707100750e-04 8.360569356699624922e-07 3.525425194551920288e-11 -3.571737860294702346e-14
-2.391049097527008730e-03 -2.341880336204215523e-04 -1.916238595794006374e-05 -9.352483114185532588e-05 -2.979838897091131151e-04 -6.506545245464136510e-04 -2.471278142846238131e-04 9.781035268829701026e-07 6.117323170868059654e-10 1.933092499978460197e-14
2.543210042335062714e-03 -9.057268044247926550e-04 7.943351239206945780e-05 -3.804071479749763802e-04 -4.953513811007696430e-04 -6.727772859231753808e-04 -2.083687225631749369e-04 1.144876650473558587e-06 2.713483428358602555e-10 -4.074063709510594542e-15
2.667127726812023453e-02 -4.274768424787090673e-04 -7.053558198387070797e-04 -6.549245649660261981e-04 -6.662982569942374781e-04 -5.433708156525920681e-04 -1.158002790483060780e-04 1.107385838449249820e-06 7.360165108965774180e-10 2.102962560620883162e-14
-2.314442166640353488e-02 1.423387335454998764e-03 -1.434312020125946298e-04 -3.075619147518336119e-04 -2.367178683413050599e-04 -1.271030334515504685e-04 -1.201893717439777238e-05 3.458591126342855972e-07 1.924384043920192384e-10 1.051868608862616763e-14
-1.038093927816146527e-03 -9.015706959048652843e-05 -2.449263949018987919e-05 7.176999857803720627e-08 9.359752156480704145e-07 1.212731445710222814e-06 3.970460334474705467e-07 -9.481403182022051749e-09 -8.397779762468895558e-12 5.464990375330694499e-17
5.719548891423748184e-06 -4.347685139156080735e-07 8.477800680610724192e-08 -9.337611287565318084e-10 3.536522797381996283e-09 1.142385552986825373e-09 1.130629065015695519e-10 4.595412730372076972e-11 2.658536209978184740e-13 1.791519988134221461e-16
2.087029862101955867e-09 -1.387345158447782056e-10 8.736637659936030184e-12 -1.209866656719910746e-12 -7.093823996791676441e-13 -2.227874672982582974e-14 8.052766499664181851e-15 -2.186372533057684827e-15 -3.907637249097807227e-16 1.357548643236730597e-19
