1.921200869196989514e-01 4.149254821747023203e-01 4.900482378044076492e-01 2.084640941084737742e-01 6.754555681287562063e-02 4.394412567760135752e-02 1.849157562197998039e-01 3.708677209079329438e-03 1.999372365723613103e-05 3.189689139874690820e-07
2.314836302685038122e-02 2.444467548540135704e-01 2.049148640068106098e-01 2.068090926930650775e-01 6.395897451101432984e-02 3.926217486585237282e-02 1.854623857069599979e-01 3.915452167869949533e-03 1.961299422956874473e-05 2.086580274091124733e-07
3.422434711995014922e-02 1.871008762583785054e-02 8.432258379187455855e-02 1.604083325697131523e-01 4.015661630857663561e-02 4.129286189373281013e-02 1.844796325616638866e-01 3.586735077733677318e-03 3.727286995526085623e-05 1.372787541194672930e-11
7.822974918026345814e-04 6.729495460590172824e-05 1.553434455851765601e-02 4.225847615663645696e-02 1.707077833657247648e-02 4.543097098685502933e-02 1.761216700117989309e-01 3.202531201176584720e-03 4.792310767121689451e-05 2.967090655035570218e-07
1.035316639949539902e-02 6.188933768576828894e-04 1.547595314081313934e-05 6.672852491537545859e-04 3.027586215962190810e-04 6.456678004799282222e-02 1.688723042653149653e-01 2.135068051077299023e-03 5.762572787800036346e-05 4.364938493164440436e-08
1.021203798647360265e-02 3.359314369114188071e-04 1.985535876051167057e-05 7.492552397625304623e-04 7.828212920121355167e-03 9.226234852792289387e-02 1.384323689516481770e-01 3.405763314363000494e-04 3.400978084122480795e-05 4.178616259625701101e-08
2.438498410052396541e-04 2.167641769179968678e-04 1.180596115308257230e-04 1.057163170564626295e-03 1.008443711948086435e-02 5.635224763770600720e-02 4.231701304298128574e-02 7.956520511766259707e-04 8.547031134803077167e-06 2.510555884691838655e-09
4.148870302894169847e-04 2.354555084937742424e-04 2.463885947759956462e-05 9.520534551675170198e-06 1.839327314474908600e-04 1.339194624774355013e-04 7.692872125248022361e-04 4.275324822608982475e-05 2.431330310081572621e-06 9.837875699805382830e-09
6.127949551327705109e-05 3.307784728384991998e-04 3.907694993968996189e-06 6.093563215308556058e-08 1.188584112720230830e-05 1.704132228739170855e-06 4.972004716812164579e-06 2.378443470522382896e-06 7.131133988628449503e-09 1.491235835084068710e-09
1.633297225687183811e-04 3.854331575419919515e-05 2.236959903449100445e-09 6.562561698894117009e-07 6.758099011722793540e-08 1.152022873789351282e-08 1.786558210948727534e-08 3.914527745439772961e-09 1.121453715945167058e-11 1.011976300133400362e-09
