7.487261711817213726e-04 9.243767658245097925e-04 1.029708862124958718e-03 7.136108344024489833e-04 4.894637817534923298e-04 -5.176325099132380106e-04 -1.133619340845515430e-03 -5.009650764142380678e-05 -2.955208438815062114e-07 -1.171223632322790837e-09
9.846715766845895185e-04 8.884230697826706914e-04 7.051923188791766380e-04 7.514788046283642393e-04 4.871215157032461932e-04 -4.989439763848265699e-04 -1.130055418231935014e-03 -5.149690593297275276e-05 -2.933155912025104662e-07 -9.473437464621757284e-10
4.710947995970742562e-03 7.214506579182028813e-04 7.269477251220458815e-04 7.792473989426902453e-04 4.092934407465186812e-04 -5.194079762856128411e-04 -1.123538162137939890e-03 -4.916926160606753413e-05 -4.039501346737278064e-07 7.680218266867991011e-12
-3.124967356475611812e-03 -1.976860288482155687e-04 8.637423043989058465e-04 6.786764339221320773e-04 3.270983568307504990e-04 -5.740423567412559786e-04 -1.102210765246104934e-03 -4.574903329021194848e-05 -4.554747135830770843e-07 1.126822311465349416e-09
-4.166410967280771011e-02 -2.155979185579021476e-03 -9.550226897571772425e-05 2.226306203681391576e-04 7.059814024231296525e-05 -7.860423075263590128e-04 -1.072039527334077338e-03 -3.590008529073385852e-05 -4.878988160621773678e-07 -4.296814467689817137e-10
-1.452185424704644512e-01 -5.542458475746745057e-03 -3.681253159952431182e-04 -6.736925031158069775e-04 -7.573728472750674602e-04 -1.230515089706849972e-03 -9.077672374347639864e-04 -1.259741306043004564e-05 -3.461489910457362374e-07 4.117055445811923291e-10
3.580270853983886364e-02 7.553944097776218482e-03 -1.451662110891993986e-03 -1.273264981740661068e-03 -1.179180908888807474e-03 -9.531972898310371286e-04 -3.450591598994127659e-04 1.332293883286327332e-05 -1.353299502158314979e-07 -9.360928161063335434e-11
2.294951385530322532e-02 -3.681413053113712346e-03 -3.103937415603172834e-04 -5.445067960544167421e-05 -6.946498155838080999e-05 -1.776983090222205918e-05 1.596520975765109535e-05 1.208916374027871491e-06 3.662912196283399006e-08 1.466375982452803450e-10
-9.235238753462444777e-04 4.652915610637633754e-04 -1.300075010180384554e-05 4.763782308139730062e-07 -1.931244157071357251e-06 -2.162511675508777163e-07 -1.392819576350107461e-07 3.864934683716625945e-08 -4.664666396340494729e-10 -3.056121111754601320e-11
5.570730654141951355e-05 6.300983213880548652e-06 -1.299378615320026012e-08 -6.336326513453525360e-08 -5.917145486264100339e-09 -7.145198857872282379e-10 3.011955925986403215e-10 -6.882143535413254685e-11 1.865755503129178360e-12 -5.320118106601098660e-12
