7.325882229161503716e-03 6.096862798735255828e-02 2.063844089133004267e-01 1.864887255191263193e-01 1.413246041532179309e-01 7.541133475245673234e-02 1.040331117968810136e-02 1.780682277739717304e-03 3.979000068396558280e-03 1.852747759565208006e-05
1.522097835647729519e-02 2.130750858249318425e-01 1.413883953486545220e-01 2.081378128095061619e-01 1.546933939140154590e-01 7.250229948774397637e-02 9.435182066007305815e-03 1.661353623699734616e-03 3.945929962043435296e-03 9.984522108421178680e-06
1.175445691732769984e-02 6.113654153679252967e-03 4.096627068403022737e-02 1.702363588374774250e-01 1.235882044403663615e-01 7.357267227472835680e-02 1.141880413042238064e-02 1.678770623803030066e-03 4.126384695486861112e-03 1.621097438200414445e-05
3.185291987660950129e-04 3.393438705968070124e-02 2.351203226621790404e-02 7.221674778329165156e-02 1.109016365176519470e-01 6.389358768491065765e-02 9.728244975258201060e-03 1.667217784235035770e-03 4.131396642704791150e-03 1.596587408998513259e-05
1.786990076358551879e-03 5.832645891511393371e-04 3.052281606189999243e-03 1.659774353908518435e-02 4.974736505492293598e-02 4.409692341011596517e-02 7.389154730706137299e-03 1.610528562289070733e-03 4.220345445866275670e-03 2.268367418886121158e-05
9.582413975247926815e-04 2.027814188266972937e-03 2.972622988953619802e-04 1.840461215757213361e-03 8.430126290869113109e-03 1.485063932936877759e-02 3.716666060285475377e-03 1.867516580917939241e-03 3.946404479308881358e-03 1.647099144183846448e-05
7.208288356782607126e-03 8.604106123787492013e-04 1.106076768727965343e-04 3.976133148624425994e-04 6.935898177698367542e-04 1.294008778192802869e-03 2.778701028229169502e-04 2.074539740578681523e-03 3.298163417959981518e-03 1.930100686446377750e-05
7.741225812390794625e-04 6.688554314138881937e-05 1.976219273262236399e-05 1.283886672338550217e-06 2.237253040714686574e-05 6.369804846056431438e-06 6.378126909805815884e-05 1.630500393020046634e-03 1.585311897019565019e-03 2.614071299924051385e-05
9.791896632725665284e-04 8.840677130130991830e-04 1.669617402374492209e-05 7.408887461710429885e-06 7.051180449489089106e-08 5.072589761939358647e-06 4.864449235103258088e-05 2.364790792158176318e-04 1.118511632950734575e-05 6.352555927350989136e-06
1.456928197879999557e-05 1.524762206138479924e-05 2.884043742243556514e-05 1.094328996505828669e-05 3.345938182192025154e-06 1.446549482135194207e-07 1.180570861767949474e-08 3.992425221162659759e-07 7.712111912805205445e-07 2.738474524658496472e-07
