3.658207192478692416e-01 5.729863241365428239e-01 5.846920870809401150e-01 3.317009577688337374e-01 1.461804919876859288e-01 7.911949212417491328e-06 1.152524342460932438e-01 1.349708604476222533e-02 1.628520831673922899e-05 9.079337907925577057e-07
2.036361937023447449e-02 3.562768022317426841e-01 3.496796815893249422e-01 2.794304179063116234e-01 1.513280365935481542e-01 2.548356634997798261e-05 1.167935482033021916e-01 1.322808267199064407e-02 6.319763223715280503e-06 2.264075031442290862e-07
4.604260187181898056e-02 2.509224669360592824e-02 1.103545853997000559e-01 2.429519342849568164e-01 1.068477863738241246e-01 4.705310205406283057e-05 1.149576456716585177e-01 1.240096437643552554e-02 1.033267104655083948e-05 5.779862020087637633e-07
1.542057078052489491e-03 1.199899301843530570e-03 2.679181127668947560e-02 7.060534461571046916e-02 6.325646641854759666e-02 8.760653488723575254e-04 1.119132756165093917e-01 1.255915645014565180e-02 6.262149352024952770e-06 1.049040934791735700e-07
9.413349062478643461e-03 1.978612712335478779e-04 8.138998383322082128e-04 4.414537117931134971e-03 1.185961225900632361e-02 6.164888977568919355e-03 1.091407417242675898e-01 1.088847712889013872e-02 2.361812967182561130e-06 3.217355869627015834e-10
1.725178180242118277e-03 3.335638808166663401e-04 7.223460920048591473e-05 4.160994457029729165e-05 3.707095661618065008e-04 2.165295653594016129e-02 9.419246469106568043e-02 6.628758207966527032e-03 3.266543866084349733e-06 2.686785872659957655e-09
3.774828321104992134e-04 2.509041008849717449e-04 1.880574217349065716e-05 2.839676575419963159e-04 1.595714200513136723e-03 1.411794462524559174e-02 3.620896971866865294e-02 8.507649954739042106e-04 6.052981647433384964e-07 5.590762594454650282e-10
1.977257283296585415e-04 5.702039361398055688e-04 6.173556404216871244e-06 3.485514059337276353e-05 6.136058915381780853e-05 1.590511879937743349e-04 1.923363278329350435e-04 1.483728141596427611e-05 1.023022655179731611e-07 3.857702000691994322e-09
8.378531452944610626e-05 1.079631271458509728e-04 2.294455339748854565e-05 1.052224477198434177e-05 1.026609537517823575e-05 1.595447025453198060e-07 2.256507096278010839e-08 5.735550047962764875e-08 7.064119086758546031e-09 4.593588866867960110e-10
3.684600033928136375e-05 1.599768656436809642e-04 8.450357310286044676e-06 8.227181639498707349e-06 2.583766031729318935e-06 7.768633478893201814e-09 1.752991235140053241e-10 2.947750075657347181e-08 3.157081077090957442e-09 4.475576071363148527e-11
