2.179251295737383472e-03 2.495344339117656299e-03 2.497446321058190838e-03 2.033127088845172129e-03 1.571468069481246838e-03 -1.507951031499270412e-05 -2.693132114501142066e-03 -1.003467030726993940e-03 3.334342765971365450e-05 7.252024521045763171e-06
2.026740464388265221e-03 2.305212615196544808e-03 2.032760163549481892e-03 1.911960655196455992e-03 1.633950523956002833e-03 2.805997939946182712e-05 -2.715932935413363416e-03 -9.907461659422066216e-04 2.072283423029326981e-05 3.621073877444037482e-06
9.600426469488229989e-03 1.800793262657896920e-03 1.849334022629234211e-03 2.127300221955294359e-03 1.485215977578571277e-03 -3.886619901620750917e-05 -2.705116750649339593e-03 -9.606917135111062720e-04 2.655108366156046107e-05 -5.786867132301459253e-06
8.367822206338679236e-03 -1.738563445944613312e-03 2.423260784106334113e-03 1.878086921280372685e-03 1.412408085153798488e-03 -1.792955977551335554e-04 -2.721167831862964827e-03 -9.676301854935891612e-04 2.068305019061320968e-05 2.465883615893063192e-06
-9.467870027628233487e-02 -2.695730002247889723e-03 1.568282561233102579e-03 1.309376567902199775e-03 1.040966128204554334e-03 -5.793604170088688518e-04 -2.809659437277945999e-03 -9.083661645247516478e-04 1.274453590181188469e-05 1.367196049462780131e-07
-1.760491685637195769e-01 -1.575907878189675149e-02 2.026089695984509623e-03 -4.617067077266664293e-04 -4.817368105129178732e-04 -1.768670096513976246e-03 -2.966350795848270942e-03 -7.302828640030472338e-04 1.510835941418327210e-05 -3.961828281209982126e-07
-2.970259392542169974e-01 -4.690761055246875366e-02 3.426133417734562696e-03 -3.848287745009196410e-03 -2.816925751463555082e-03 -2.965831751808708106e-03 -2.448980440473333929e-03 -2.913823858148056369e-04 6.715728880307893589e-06 1.828405257009934160e-07
-6.705296928582068494e-01 2.414564935787878175e-01 6.529685955111633362e-03 4.377025052130028258e-03 -1.723713508615676900e-03 -8.573730698047339659e-04 -3.515772054488323158e-04 5.331038068116364430e-05 -3.096943430667069089e-06 5.025613479220876211e-07
-1.914195505680868159e+00 -4.347606758991570119e-01 5.115101032723571445e-02 -9.899349716057572607e-03 2.844550701545991381e-03 1.020111837241523023e-04 -1.173084774586257289e-05 -6.917992235959638755e-06 1.204763483513838010e-06 2.076607218628473596e-07
-5.233925281687332287e+00 -2.322005022578820022e+00 1.373645654409476613e-01 3.842324650659233870e-02 -6.257117769598068840e-03 9.652723033384236445e-05 4.135823101078397252e-06 1.646205102754073633e-05 -1.931127074883284457e-06 -9.929706785420833264e-08
