-9.121230082296708730e+00 -4.223153849818690020e+01 -6.120712533365723118e+01 -9.982195887955251123e+01 -2.032264511800523792e+02 -3.304352310660949570e+02 -5.606270395578128500e+02 -8.060204911926905424e+02 -8.983197961089364298e+02 -4.844721403114985492e+02
1.988251952401170897e+01 -4.154908439378984752e+01 -6.292104049933803367e+01 -1.074310504329982905e+02 -1.873997416735941215e+02 -3.447806258415510570e+02 -5.564245850014608550e+02 -8.026409060568551013e+02 -8.985768376282439931e+02 -4.842993680202912401e+02
2.576451067748497081e+01 -1.488739868381679798e+02 -1.159926540886375648e+02 -1.356036464555430712e+02 -2.137023708139045652e+02 -3.475317903646649711e+02 -5.577509163322599761e+02 -8.059650038247832526e+02 -9.009848761899163492e+02 -4.840884740170489522e+02
3.412176537084600909e+02 -3.703181464363315740e+02 -2.601967254249796042e+02 -2.147083839988505076e+02 -2.492239990516989678e+02 -3.724842535260683007e+02 -5.668575182708833609e+02 -8.082087197225989712e+02 -9.016250712837945684e+02 -4.840767685841979073e+02
-1.315296375263497794e+03 -1.671103188402308433e+03 -6.974781010486606192e+02 -4.948319380533286562e+02 -4.058294504079114517e+02 -4.446506221314750746e+02 -6.034325977544663147e+02 -8.218227476315021249e+02 -9.051443378724102331e+02 -4.831166009820564682e+02
-8.480979804083974159e+03 -5.448390026487544674e+03 -2.419353727695840007e+03 -1.337300493048519684e+03 -8.882896268572420695e+02 -6.886568542764061931e+02 -7.150154792679257980e+02 -8.649452167995584659e+02 -9.133147717675921058e+02 -4.805088632952094940e+02
-3.399857897405880067e+04 -1.241573129266620344e+04 -7.575826315081814755e+03 -4.512706813858809255e+03 -2.587118789954638032e+03 -1.492267532168233174e+03 -1.091528762256276650e+03 -1.010941343406437113e+03 -9.459095187670582163e+02 -4.718831574298713463e+02
-7.365807429294122267e+04 -5.334233409190860402e+04 -2.529877233267180054e+04 -1.537583448540658537e+04 -8.049574660274823145e+03 -4.165731261412585809e+03 -2.305466745937188080e+03 -1.483365719482310624e+03 -1.051679479567194448e+03 -4.474233110809009872e+02
1.136176589006547292e+05 -1.532786607874212787e+05 -7.728339568540676555e+04 -4.449485802820670506e+04 -2.310307677646709635e+04 -1.154066768672458784e+04 -5.644796598181212175e+03 -2.745940228548403411e+03 -1.317129580206732271e+03 -3.708725888100935322e+02
-6.113594400893697748e+05 -3.564023164469802286e+05 -1.754050447087058856e+05 -9.973484081338398391e+04 -5.088093616481808567e+04 -2.463503136444125994e+04 -1.135971149287825756e+04 -4.755021511432928492e+03 -1.591981198948136353e+03 -1.425048933081353937e+02
