9.999901331371852109e-01 9.999884135537834284e-01 9.999850046845365492e-01 9.999728593801457954e-01 9.999569212271132157e-01 9.999198805091742415e-01 9.998718728443585224e-01 9.998395719573788254e-01 9.998400315222669699e-01 9.998936924998154119e-01
9.999870109311133071e-01 9.999854672814006973e-01 9.999817663875845142e-01 9.999723573756462702e-01 9.999553547861157465e-01 9.999203664764102495e-01 9.998723311035866423e-01 9.998403292662676467e-01 9.998403322930479176e-01 9.998935005770543949e-01
9.999824900871397970e-01 9.999811351745870880e-01 9.999793377109607029e-01 9.999708633862649521e-01 9.999529310988358732e-01 9.999177287081479903e-01 9.998718728514468523e-01 9.998396228640487049e-01 9.998402483018897779e-01 9.998939039876021395e-01
9.999649999166519976e-01 9.999737888774427041e-01 9.999717151014911876e-01 9.999651718697438740e-01 9.999485364751644623e-01 9.999162700166035478e-01 9.998722325676205891e-01 9.998394574668507673e-01 9.998405047084070185e-01 9.998937347201596326e-01
9.999639283255828959e-01 9.999576942297573323e-01 9.999562584262674525e-01 9.999486518817691794e-01 9.999367155560091591e-01 9.999073687939860067e-01 9.998687310285587770e-01 9.998389025779890193e-01 9.998405119517471684e-01 9.998938285524412439e-01
9.999330751879117463e-01 9.999174245483398726e-01 9.999238824227006939e-01 9.999171315887713796e-01 9.999093023835301519e-01 9.998905940191193942e-01 9.998618867798868548e-01 9.998382538262338137e-01 9.998407628908407840e-01 9.998940791095380920e-01
9.998741037878755566e-01 9.998822397749471680e-01 9.998760239944538553e-01 9.998740177857695643e-01 9.998722445986485408e-01 9.998644220503760671e-01 9.998492515430237315e-01 9.998353729989374328e-01 9.998416708888862026e-01 9.998950302967187787e-01
9.998446817716144519e-01 9.998425400089577808e-01 9.998430071565074240e-01 9.998417826735976899e-01 9.998402610215325614e-01 9.998398275009050540e-01 9.998355859043895899e-01 9.998332043380993017e-01 9.998456120819104731e-01 9.998979689830082007e-01
9.998358652459413687e-01 9.998389566054625144e-01 9.998410562953070624e-01 9.998384228832172260e-01 9.998391936785855361e-01 9.998401455803030968e-01 9.998412563980663137e-01 9.998448964229179614e-01 9.998602145848863865e-01 9.999080859723097348e-01
9.998885251723850232e-01 9.998943439605196826e-01 9.998915185532551986e-01 9.998913801343864982e-01 9.998914594713229631e-01 9.998917826074922299e-01 9.998924975585330444e-01 9.998957681283064947e-01 9.999067158485712703e-01 9.999382686143961640e-01
