9.392797456698166736e-02 1.007041451182651010e-01 9.926158206237689630e-02 9.624149077594017221e-02 9.042008379031803156e-02 7.367261097462368680e-02 3.798867063609962652e-02 1.000000000000000000e+00 1.000000000000000000e+00 1.000000000000000000e+00
8.313761106096430320e-02 9.908716153262597803e-02 9.919901693878102611e-02 9.571351374956550695e-02 9.028913479887429316e-02 7.345552477905128996e-02 3.806856505321906670e-02 1.000000000000000000e+00 1.000000000000000000e+00 1.000000000000000000e+00
8.751360000478429491e-02 9.903169626658236968e-02 9.863193424101285300e-02 9.562262190398400363e-02 8.966826133950756006e-02 7.268677025500111522e-02 3.788808641498506852e-02 1.000000000000000000e+00 1.000000000000000000e+00 1.000000000000000000e+00
1.221183802046182515e-01 1.057188845452080583e-01 9.674512795173977053e-02 9.400416151466937931e-02 8.691648548005055652e-02 7.124728166282451314e-02 3.687593860103813986e-02 1.000000000000000000e+00 1.000000000000000000e+00 1.000000000000000000e+00
1.507393838804482467e-01 7.331658494602692755e-02 8.632867504662600222e-02 8.850436244998434454e-02 8.149828394441671620e-02 6.663732534062483115e-02 3.422802293087064129e-02 1.000000000000000000e+00 1.000000000000000000e+00 1.000000000000000000e+00
5.111960815117150281e-01 7.322358638577407264e-02 6.548697902978878327e-02 7.365713431594603233e-02 6.730580421969269145e-02 5.539388526556562192e-02 2.650425296746888870e-02 1.000000000000000000e+00 1.000000000000000000e+00 1.000000000000000000e+00
2.963181692188578520e+00 2.752136992808191240e-01 2.995058941904306729e-02 2.399802276296480671e-02 3.780295649025934568e-02 2.702926147714615132e-02 6.525949496635787689e-03 1.000000000000000000e+00 1.000000000000000000e+00 1.000000000000000000e+00
1.000000000000000000e+00 1.000000000000000000e+00 1.000000000000000000e+00 1.000000000000000000e+00 1.000000000000000000e+00 1.000000000000000000e+00 1.000000000000000000e+00 1.000000000000000000e+00 1.000000000000000000e+00 1.000000000000000000e+00
1.000000000000000000e+00 1.000000000000000000e+00 1.000000000000000000e+00 1.000000000000000000e+00 1.000000000000000000e+00 1.000000000000000000e+00 1.000000000000000000e+00 1.000000000000000000e+00 1.000000000000000000e+00 1.000000000000000000e+00
1.000000000000000000e+00 1.000000000000000000e+00 1.000000000000000000e+00 1.000000000000000000e+00 1.000000000000000000e+00 1.000000000000000000e+00 1.000000000000000000e+00 1.000000000000000000e+00 1.000000000000000000e+00 1.000000000000000000e+00
