1.467744172264264261e-03 4.689919371603224721e-04 1.097469496259416595e-03 5.837747398457749336e-04 -1.076559526719739592e-03 -3.015455238744835318e-03 -6.882266661226804595e-04 5.876956389091714929e-06 2.053280508865198697e-08 4.930883719660088390e-10
-1.536863826160100407e-05 8.523151167894284707e-04 5.260332272903642335e-04 1.477100293367917378e-04 -1.057202147939080832e-03 -3.095530900567635205e-03 -6.966233579918996348e-04 5.379737720542136619e-06 -5.514268639905619897e-09 -4.313464044825151120e-10
2.162791051810346657e-02 -1.030492287504417015e-03 4.958312025551540360e-04 1.907742101496044511e-04 -1.262605975605521911e-03 -3.091991545875763091e-03 -6.943351273570304381e-04 6.062654930504689525e-06 9.407451297365691197e-08 -2.183051792985217630e-10
-2.128379150555508026e-02 -5.911464178416700856e-04 4.428457882092814329e-05 -5.601099428198334220e-04 -1.683015290067923619e-03 -3.111373846094722673e-03 -6.173191919415312078e-04 5.166839612370486637e-06 -1.278252527879380251e-08 6.846591155066296982e-10
1.895558348254744799e-02 -7.169905583337262030e-03 -1.186026497047069916e-03 -1.733028464248867386e-03 -2.740292356913128467e-03 -3.039593254651772915e-03 -4.769891358868658701e-04 4.912644334193786184e-06 -6.111346948251383379e-08 -4.627220345026070932e-10
1.693536935539709243e-01 1.008047093159855460e-02 -4.378263099731870625e-03 -3.220215107514789836e-03 -3.054593720671437002e-03 -1.978542101370713707e-03 -1.689855888189007241e-04 2.242106363085797654e-06 -1.320334469375090677e-08 -7.478620582083884600e-11
-1.338761544667154968e-01 -9.241954978481851241e-03 -1.442533228361518680e-03 -7.791303403097020247e-04 -6.280717712255397137e-04 -1.773592631855913291e-04 1.446951020640049929e-05 -2.897432569341955010e-07 8.714996935712223899e-09 8.312071569663373922e-11
-2.246613460725612604e-02 -1.777297898225648756e-03 -1.193307253755841214e-03 1.183758336144347009e-04 -1.545672284534214830e-05 1.789585200515805244e-06 1.783068532054152100e-07 3.140277458375574538e-08 -2.076983845575171418e-09 -6.014689984562725109e-11
-3.193000603644062779e-03 -1.786135182355620135e-04 -1.071561260555816108e-05 4.415895368543624550e-06 -1.277873252336178097e-06 1.697363566600693497e-07 1.201882326698544485e-08 -3.941226143174801719e-09 2.523411085504646813e-10 -4.475831075280963667e-12
-3.836311895183808337e-06 -2.826185408084757236e-06 -3.248177716430752292e-07 -4.878327688023168508e-08 8.352280059710443656e-09 -9.158869470684609364e-10 -1.734886167190642962e-10 1.382228403888773387e-11 1.799595482794936683e-11 -1.079115138391112723e-13
