1.182838122941844566e-01 1.417179417206155222e-02 6.809661835622161929e-02 7.425907947647648541e-03 2.799056415139326154e-02 2.029415139037231142e-01 1.664612623700560678e-01 2.804225193183691842e-04 8.739556607436580470e-09 1.123015698775280461e-07
1.489987659933002424e-02 1.821945265767617103e-02 5.450298850013570937e-03 4.172634314608292152e-04 2.580877262773321676e-02 2.211922552059014113e-01 1.672796532958216453e-01 2.757690851323805104e-04 1.821081750469615918e-06 1.967818593911177144e-07
5.437719092019839551e-02 3.402741963458746303e-03 2.260333759647519154e-03 1.022263329844041004e-03 2.972681257667515037e-02 2.229516189134398696e-01 1.661970700009693658e-01 3.569106958117674124e-04 1.168239851043474740e-08 4.024301124587792695e-07
1.213101978972067757e-03 2.997090273966707607e-04 2.133501763352063535e-05 2.324762339879613351e-03 4.320456211831560228e-02 2.216098526021891280e-01 1.640264186281690240e-01 5.134724471752798300e-04 3.650290744105415689e-06 1.200407960408478832e-07
2.056119783940249166e-04 5.378236852839351654e-04 4.405211547352156406e-05 8.339072666863178718e-03 6.163793830114894234e-02 2.307826495707903380e-01 1.462349799187876997e-01 8.370108450327442022e-04 7.899380580541568922e-07 5.618831385613543011e-09
6.225857893718289918e-03 2.303616512561650298e-05 9.251826391488123056e-04 8.772390263115178652e-03 7.068271974939124846e-02 2.105341606162907941e-01 9.492340878604983712e-02 1.361388118234651071e-03 8.113878740157369300e-06 1.800727224554125030e-07
6.401458683542962311e-03 6.432352957270061735e-04 8.271960818424685250e-05 4.880428892457220995e-03 2.994284347852465417e-02 7.060495321852418293e-02 7.969350252561189021e-03 6.263917862086741326e-04 1.551008275276497500e-06 7.902330181992966536e-08
1.624382899338441344e-03 2.347653495493575099e-04 2.314117209232167103e-04 2.592735355540906359e-08 4.910260108797508740e-05 7.224969464360750078e-04 6.513020281678681906e-04 1.783021902845499727e-05 4.074025328695552307e-08 1.119108937415504325e-11
6.541171319145621310e-04 6.989918770402216868e-05 3.672570412549492155e-05 5.717516415282769971e-08 9.118565112341061948e-06 8.039770948833038002e-06 4.199442413323192608e-07 1.189161352448883810e-06 2.033938707267021758e-08 6.934404051353809295e-09
1.408860519926677943e-03 1.147517403588309363e-04 5.715440747411095637e-06 1.370997146254053667e-06 5.565214831649238687e-06 5.219491120790115311e-08 3.009540082999387461e-08 1.434091846994319270e-08 3.481649336200521284e-08 1.598057978437054183e-10
