7.820378252401902772e-04 2.813692922100320053e-04 6.018233414386804170e-04 2.969946436128694574e-04 -7.981916138852621382e-04 -1.835570467030531346e-03 -3.436314393097105748e-04 2.276280657216768171e-06 2.720242301127385649e-08 3.854299673452231639e-11
-2.370260475774413800e-04 4.581697934032624925e-04 2.730050658448572283e-04 4.520564705057534275e-05 -8.051710610637136892e-04 -1.840673115140386076e-03 -3.427957920385703771e-04 2.449163957724683488e-06 1.748825074344721715e-09 -4.289065117373178700e-12
1.257170801028998329e-02 -6.962711725418901064e-04 3.598059340385020757e-04 6.487262777084802072e-06 -9.114371475912140660e-04 -1.835170526783939070e-03 -3.485011359620030251e-04 1.836805388750078797e-06 -4.423160443071784165e-09 -1.649817706744327517e-11
-1.263737458080606453e-02 5.451840141298663341e-05 -4.155275330039290732e-05 -4.823143224087527619e-04 -1.146761786621954037e-03 -1.822352845429556180e-03 -3.102733613837542091e-04 2.231595843979523941e-06 -1.960974588213773857e-09 8.661075674329426139e-13
7.196918684899987484e-03 -5.686831035367325218e-03 -1.036976678928149594e-03 -1.083352804292139282e-03 -1.737064288759495884e-03 -1.729261714609081277e-03 -2.428061330921264100e-04 1.768019509768646815e-06 -9.550656229236078582e-09 -1.900797984939414136e-12
5.141898055228737857e-02 4.543477716167854813e-03 -2.989145387712887313e-03 -1.838038662570336008e-03 -1.746084626401383415e-03 -1.080020797363715531e-03 -9.169415048890858634e-05 9.510297632758160040e-07 -2.199653161400135497e-09 2.187275537476812482e-12
-1.265000718931928551e-02 -1.543565192679570430e-03 -5.270413839485128598e-04 -4.238961620834686035e-04 -3.210664852026529634e-04 -9.966358673800164729e-05 4.571002902833114172e-06 -8.271405715590152957e-09 1.557045957510104372e-09 1.366934581363923098e-11
-1.347656345610336905e-02 -1.106908014555048119e-03 -2.180156734550609291e-04 2.486841984214090771e-05 2.613715584264757462e-07 1.076687529660328223e-06 9.767372030520506395e-08 5.171142157916026908e-09 -2.193816189485477182e-10 -2.498064435667038947e-12
-2.875295484114048479e-04 1.711380951036388613e-06 -4.524149301737240141e-06 9.663815086369459257e-07 -3.041019191434775374e-07 2.594661769335272984e-08 3.836175438430903453e-10 -3.747029110740963474e-10 9.053450176225389782e-12 2.585733606246715906e-13
6.669856042219548266e-07 1.501088074146230502e-07 -3.443849195866756330e-08 -4.754008550920691063e-09 2.611546339343287601e-12 2.677745281778210031e-12 -1.881287276109911265e-11 -6.134010684218131460e-12 -8.493336468888809851e-13 1.279033273523148888e-14
