4.448551317232433688e-01 6.759020740237249303e-01 6.277981469912344847e-01 4.314498625759607964e-01 9.833011031090324594e-02 7.487228494988955319e-02 1.089162658659114519e-01 1.516622130431750470e+01 1.683564973961129002e-03 1.391152593517774524e-04
5.403167486106001541e-04 2.822406370792326369e-01 5.287891194178389043e-01 3.425350566051568735e-01 7.428624217532542318e-02 7.117860643557138989e-02 1.097988759703037165e-01 1.615054576046381740e+01 1.839005108853412939e-03 1.434944448567576376e-04
2.476936596236074730e-03 1.056110544577452959e-01 2.028703321631544210e-01 2.179987568042610624e-01 4.458671809152300186e-02 7.497863053264464117e-02 1.101056647578842335e-01 1.449394070100637677e+01 1.795904826399777245e-03 1.232032323189284509e-04
3.469967070461915399e-03 1.028599750278052713e-02 1.797645910979299433e-02 5.998027850665476474e-02 1.332836212141436452e-02 7.291053064271220407e-02 1.049257111593149411e-01 1.727853974441830331e+01 1.708279340945370725e-03 1.200126024385986294e-04
4.097880366779398445e-03 1.117817004566344988e-02 1.788578546867608914e-05 6.661708419531535722e-04 9.388759821779442665e-04 9.076303914053389377e-02 9.368839835887186884e-02 1.639003875870026050e+01 1.691460777660714785e-03 1.164239592376332196e-04
6.798696496325235157e-03 1.816834558363405181e-04 1.224659621882603151e-04 2.837306037994561216e-04 1.197509455601832376e-02 8.779466919990551455e-02 6.213704856863890708e-02 2.001993198942451002e+01 1.760564458052221205e-03 1.033145197566711406e-04
1.654718551211806134e-03 2.956198811948277557e-05 7.749383501402058640e-05 1.248707406210769065e-04 5.523537170703951213e-03 2.421636335019694206e-02 7.311785106373753021e-03 3.589929834629876382e+01 1.873846483632231026e-03 6.957650486056655981e-05
5.175136726122248281e-06 1.803814934732130232e-04 6.112948206277699125e-04 8.664336974506229951e-06 2.459787615297636164e-06 7.332541508391610970e-08 8.976447315147638632e-06 2.112605318286594525e+02 1.999544976322640156e-03 2.587312666340989145e-05
2.848930154840923889e-03 1.061927078636011587e-05 3.761441932754490533e-05 2.118525065813193364e-05 1.618444768341331975e-05 6.553024366244332861e-06 5.747649833334005913e-06 7.877078200103624113e+03 1.842413900182119811e-03 7.752856039924294434e-06
9.488168618950245119e-05 1.681936330280546219e-06 1.324016376220826102e-04 9.984113198971791225e-07 7.113259258101454594e-06 1.567136799631409777e-07 5.640762192094483664e-08 3.128287609140899032e+06 1.283366559971396703e-03 2.423398214497362541e-06
