2.153200746696987133e-02 2.667084415852419288e-02 2.546278704469038395e-02 2.434763658195577066e-02 1.865383460496460033e-02 3.745134967246322322e-03 -1.485031238836622379e-02 -1.180873744867165683e-02 9.899682090305009761e-05 4.727356671477404599e-05
1.403855390947723056e-03 2.750734279162906498e-02 2.624777016217543293e-02 2.226066816765979312e-02 1.786905289204791109e-02 3.661346770206214563e-03 -1.504226291487109624e-02 -1.182834263097977054e-02 1.705510938958419893e-04 6.046480755623475593e-05
-1.950760365422618547e-02 2.367301399333915368e-02 2.713579588308269799e-02 2.284006662609192398e-02 1.704120021193286996e-02 3.721247380498214109e-03 -1.514424391938686866e-02 -1.176329328762023944e-02 2.022089950410825153e-04 4.556933974514631281e-05
4.463883557455314288e-02 2.711466932030762861e-02 2.352271865227768474e-02 2.071246780475843527e-02 1.466779781470088813e-02 2.637210516071555357e-03 -1.516890746957906023e-02 -1.157560918890369189e-02 1.784107801326291997e-04 4.827672766543488245e-05
1.845418311549688606e-01 1.669032400736679966e-01 1.231044373500302450e-02 1.341768160125715766e-02 1.037867279021727901e-02 -1.103246724300103402e-03 -1.587220172622219247e-02 -1.139989831831449835e-02 1.727412228592264259e-04 5.520825669937576264e-05
2.887259716020531108e+00 -4.886016133120221067e-02 -1.051172272400014221e-02 4.064325889566760240e-03 -1.020372251488995937e-03 -7.978796950204179034e-03 -1.739214749040487312e-02 -1.024141861118893146e-02 2.188585621195178953e-04 5.389139444711354504e-05
3.163519175538776484e-01 4.096549840045331514e-01 4.367430800130962104e-02 -7.586906038951998126e-04 -1.270565092030885926e-02 -1.700850977561525756e-02 -1.801447214425455634e-02 -7.077534303957526592e-03 2.317685071447659142e-04 5.473839873266893595e-05
-2.787053755921232057e+00 -1.176498670892267784e+00 1.153961612140985832e-01 1.300331528072463244e-02 -1.388343439460230054e-02 -1.182363932789764864e-02 -7.538028667374125150e-03 -8.265995938390070666e-04 -5.159374998124564409e-05 5.043657640884163990e-05
-7.260559288273357170e-01 3.934047168677973216e-01 1.239240616803576334e-01 -2.308710931176813710e-02 7.779608604722008827e-05 1.128257565866704970e-03 2.983478287349002793e-04 -3.997718648468977150e-05 -5.656134709738795051e-05 1.135400621041827750e-06
2.582433278390648401e-01 4.177520023919717440e-01 4.686711846594355385e-02 6.024322337544629757e-03 -1.031583703427883412e-03 1.948760095969906240e-04 8.527417232064139578e-05 5.552393920350411636e-05 -2.960258959030677993e-06 1.452124318110020847e-06
