9.883688132066159593e-01 9.872653147460103140e-01 9.841713035999973824e-01 9.608499849384435354e-01 9.070193391836088859e-01 7.216745991610649114e-01 3.032818023924840900e-01 9.979482517992320501e-02 4.726112329308631010e-01 4.272631225163341789e-02
6.023716012278783616e-01 9.416619705420750108e-01 9.706146503172626838e-01 9.549665333741772510e-01 8.970849327301685383e-01 7.172610656322978562e-01 3.094565970825272627e-01 9.872900107901041999e-02 4.728147941466172566e-01 4.223278379594512522e-02
2.234604836851161180e-01 7.509758095191396698e-01 9.032661363590666070e-01 9.362609988810096651e-01 8.837616146604233558e-01 7.017931850876574229e-01 3.057668477939742835e-01 9.960754755599432464e-02 4.730523580413754092e-01 4.231664787152828594e-02
2.224396246124451561e-04 1.783889409824863936e-01 6.247529126253136278e-01 8.396047448609140762e-01 8.349616621038122855e-01 6.839451982908845151e-01 2.856166193473502757e-01 1.020255188149824521e-01 4.733728975291064955e-01 4.227257029364031582e-02
8.537667468241661459e-05 7.682488132168502175e-03 7.562635082830015953e-02 3.954446116917865184e-01 6.418807291788769520e-01 5.813232747778551701e-01 2.455444737053538440e-01 1.118709362929783402e-01 4.726008325647072517e-01 4.178561521273013030e-02
8.981497373678933027e-03 3.302607650015141935e-06 1.070349690110080580e-03 2.580595874529674830e-02 1.512863630844314133e-01 3.057125986769837489e-01 1.394552759448798307e-01 1.424175744757855688e-01 4.690324068675043034e-01 3.968155691102317334e-02
5.765853462704361408e-03 4.420253817746804155e-04 1.406424481933525887e-04 1.902417517245870142e-05 4.051607781367284715e-03 1.824943879368164101e-02 4.792342368895495530e-03 2.168011272746137308e-01 4.555831960645982392e-01 3.306515197205926043e-02
2.368234877746568123e-04 4.679227702700137881e-06 1.007569256634710846e-05 7.711547017590098600e-06 1.935310555562432411e-04 1.397371912247052103e-03 2.590123687072132252e-02 2.723518236308029028e-01 3.984589079738360962e-01 1.579454900939302603e-02
8.230022276716462710e-05 2.798257773756566088e-05 5.617579644156166436e-05 4.678195103635361695e-05 2.917745858773499053e-04 2.403784377630857096e-03 2.587418868472223313e-02 1.657329558876188824e-01 1.929182826722204980e-01 2.707195283009119092e-04
8.605148074726123419e-05 5.424426665568604828e-05 1.359215849040071270e-07 2.552480786634157146e-07 1.412179887241891473e-05 8.820860463849066282e-05 7.598148824254308351e-04 2.876831850439547610e-03 1.188257103542709851e-04 2.390615428549958121e-03
