4.545961000307091431e-03 1.532535639831296599e-02 2.429916007933476119e-02 3.352463824873530562e-02 3.864211023020283631e-02 4.123458060868062658e-02 2.254322838536632068e-02 -1.374104195448972755e-02 -2.700744270180483256e-02 2.225727408288791492e-03
2.673736721036094541e-02 4.387889189925832378e-02 2.701705056970898564e-02 3.676609371848200969e-02 4.275508243882548964e-02 4.167542526480327164e-02 2.141109479392718645e-02 -1.329425975268734746e-02 -2.676222485580150717e-02 1.633542300779592619e-03
1.641166711457197891e-01 2.041362227505745530e-02 2.555946353373506758e-02 4.134895663709852592e-02 4.036044001518213076e-02 4.235589326101962121e-02 2.392461971378486221e-02 -1.340710613478104940e-02 -2.746713357251724316e-02 2.083440643281727570e-03
-8.301438214004870642e-02 2.192628655228236467e-01 5.570108712643219440e-02 4.769444082691908643e-02 4.908073536671771903e-02 4.296883803766698290e-02 2.253414088023690184e-02 -1.342151387372061792e-02 -2.752148747710878030e-02 2.068102628283195916e-03
1.160713416210246818e+00 1.248746944365599909e-01 8.067646678794811177e-02 6.702210384521407882e-02 5.769922998251859197e-02 4.479434383666424518e-02 2.121175854421818510e-02 -1.346536237731156029e-02 -2.796064562856490077e-02 2.468288462044784283e-03
-3.555776347915264868e+00 1.222697554422006894e+00 1.228675449663832880e-01 9.503662014771301070e-02 7.202025781220509904e-02 4.730591854030524734e-02 1.891284299129541296e-02 -1.548029964874501375e-02 -2.746151280851874543e-02 2.116166636913829890e-03
-5.223192885191846813e+01 3.940236358261516081e+00 3.660704810991299296e-01 2.062658559035138728e-01 8.392736687560239939e-02 4.020169569547100280e-02 9.111470975904072817e-03 -2.001632124263431206e-02 -2.660696815035238152e-02 2.337803022842137313e-03
8.838034827964969509e+01 -5.136500655639429702e+00 7.360831471142824656e-01 5.351476787920372152e-02 6.617764954406932243e-02 1.064953689452883927e-02 -1.175845722010845223e-02 -2.944908773905989194e-02 -2.212803042554816260e-02 2.912375798243361201e-03
3.947045591420401820e+02 -8.077110299263675586e+01 -2.906551575206903770e+00 -5.534292345095195298e-01 -1.566452642142726268e-02 -3.812455385298610389e-02 -3.545418548702710532e-02 -2.756633388398888052e-02 -3.055006848734010891e-03 1.775752648363470567e-03
2.004764644309908306e+02 -4.541284045689972970e+01 -1.657826187462375600e+01 2.880839115644963755e+00 4.598336238321361069e-01 2.707400888551745807e-02 2.212483969632016503e-03 3.948950247954581029e-03 2.037915139741544677e-03 -5.902678542376666110e-04
