5.235987755982988122e-03 1.656955945362865168e+04 6.000000000000000000e+00
8.070481666626803247e-03 1.324023909091166752e+04 2.000000000000000000e+01
1.206734076948651029e-02 9.550845685148167831e+03 5.400000000000000000e+01
1.641041896305261982e-02 1.244424861502302156e+04 9.800000000000000000e+01
2.200703049760666802e-02 8.570622103578072711e+03 2.820000000000000000e+02
3.025428654254766828e-02 7.556365127087036853e+03 7.280000000000000000e+02
4.107451355202171306e-02 5.729280931022201912e+03 1.756000000000000000e+03
5.594607751728550987e-02 4.391578522387502744e+03 4.552000000000000000e+03
7.637798568960654788e-02 3.383258854604946009e+03 1.159600000000000000e+04
1.042467798774103643e-01 2.140528176284893107e+03 2.940800000000000000e+04
1.424179414015231127e-01 1.465438884456659935e+03 7.541600000000000000e+04
1.945674956832360303e-01 9.422268034650542177e+02 1.916960000000000000e+05
2.657044302876567232e-01 6.274637978276145986e+02 4.881180000000000000e+05
3.629205627510553867e-01 4.302928186123284036e+02 1.244946000000000000e+06
4.957942552024388605e-01 3.039490146730449851e+02 3.175186000000000000e+06
6.772741278603208182e-01 2.186591154975143922e+02 8.090396000000000000e+06
9.251795503735104065e-01 1.550449275198129726e+02 2.062713800000000000e+07
1.263840216748953971e+00 1.036169385938331970e+02 5.257950800000000000e+07
1.726447070054064836e+00 6.193350414711215990e+01 1.340257160000000000e+08
2.358393818421633981e+00 3.424532761433454908e+01 3.416578370000000000e+08
