9.960730289686984262e-01 9.998441704595595336e-01 9.999411954113277545e-01 9.999587855751519427e-01 9.999691343705567892e-01 9.999675018272361493e-01 9.999442327688535803e-01 9.999325878978925219e-01 9.999971794227235922e-01 9.999847515540436493e-01
9.819993972759799572e-01 9.994467416124361847e-01 9.999240504238292582e-01 9.999638118243006080e-01 9.999746082601440600e-01 9.999751824054680105e-01 9.999592906981809026e-01 9.999492002673256996e-01 9.999978867327485865e-01 9.999885096794920436e-01
9.395479066054713835e-01 9.980291358567117133e-01 9.998212329989312197e-01 9.999652090056128095e-01 9.999806007645316575e-01 9.999821705859278653e-01 9.999723831751345937e-01 9.999664819522771086e-01 9.999985919376690457e-01 9.999923501398845227e-01
2.357169101496183264e-02 9.864739341845565335e-01 9.994992736983004944e-01 9.999512923002197295e-01 9.999854425388944312e-01 9.999903038393203047e-01 9.999847898717164618e-01 9.999836777501782681e-01 9.999992968304970420e-01 9.999961705915763055e-01
1.507993756536106338e-02 8.125377087051118830e-01 9.939210051597976436e-01 9.997665765375628455e-01 9.999753994194851003e-01 9.999909421361441453e-01 9.999887882110199966e-01 9.999911726275023671e-01 9.999995765064331188e-01 9.999976757657519366e-01
7.648827474011306027e-01 3.582859005211939257e-03 8.108519978890097457e-01 9.971240528084946986e-01 9.998764767768452133e-01 9.999857327972183629e-01 9.999887379531831044e-01 9.999966529190957854e-01 9.999997846468292595e-01 9.999987767523860205e-01
7.870555873795038737e-01 4.696189174778095943e-01 4.975141458517388648e-01 3.113087925768426856e-01 9.969931620148210216e-01 9.998121399884982718e-01 9.997916708601105595e-01 9.999988749709094460e-01 9.999998727390133624e-01 9.999991869530784339e-01
2.127487423670274547e-01 1.877159965514602069e-02 1.108636780373446207e-01 2.169819274816199295e-01 9.664891812387091941e-01 9.986368594917028885e-01 9.999791305457320645e-01 9.999995493007801661e-01 9.999999144909724746e-01 9.999991465969912952e-01
1.740436268580611567e-01 1.658399302642250828e-01 5.387346908698681380e-01 7.693476113539796657e-01 9.867395926215734026e-01 9.995402067615037911e-01 9.999877684576436998e-01 9.999995018045739759e-01 9.999998689813456298e-01 9.964565737556073666e-01
2.723356032038733443e-01 4.573464790508656175e-01 2.961628534079071076e-02 2.309576138471462758e-02 8.563245484625116033e-01 9.935298248813502209e-01 9.997905875847780122e-01 9.999850528230097568e-01 9.986965809669767768e-01 9.999976716304782576e-01
