1.370930765592135003e+02 1.242105037257784943e+02 8.920886397639910115e+01 4.524182758460056419e+01 2.377658475732855692e+01 8.589868386222535790e+00 2.405200964311523304e+00 8.095872554561350798e-01 6.925802992755105691e-01 6.863968435898006037e-02
1.428861082394918185e+02 8.994038288082394672e+01 7.328534217957407293e+01 4.256729374873656013e+01 2.366608971183753951e+01 8.756398746916811859e+00 2.416278511899599302e+00 8.150134580353504132e-01 6.907792656257719655e-01 6.866154526439172123e-02
5.057000081450850644e+02 9.867884922240462231e+01 6.768723350571778496e+01 4.261337135629482020e+01 2.234509756416926507e+01 8.325243476340995485e+00 2.409764322773814804e+00 8.119979078266706951e-01 6.925870707130330484e-01 6.869789305398160684e-02
6.240415971967909172e+03 4.043230395132587205e+02 7.087452654802551422e+01 3.736604511013788965e+01 1.976476031399430155e+01 8.026811608188969771e+00 2.395616245003167943e+00 8.122715554508457281e-01 6.913562655309136717e-01 6.845230212007030746e-02
7.521807562798394065e+04 2.937743927902834912e+03 2.724406816412210333e+02 4.399703220626208378e+01 1.705075019448064211e+01 7.120713645489582966e+00 2.291845050240235881e+00 8.142452886990922956e-01 6.901269750733094455e-01 6.802500098549660312e-02
6.295934611463758629e+05 3.093007913640226616e+04 2.276999683417022425e+03 2.209387524748765372e+02 2.842919272031470612e+01 7.075032731561850419e+00 2.187221225026565019e+00 8.468316287252716235e-01 6.852472507808213820e-01 6.631348912051407418e-02
5.808173911313657649e+06 3.020414188842849107e+05 2.150304276134667452e+04 1.723388994649528286e+03 1.603756603475483757e+02 1.708942440402438834e+01 2.851502919833568406e+00 9.887702318230087162e-01 6.667080044414818163e-01 6.101010565925656798e-02
3.595751692713051289e+07 1.783610130031925393e+06 1.268980838204764004e+05 1.002912511186157826e+04 8.576128675289654666e+02 7.487731976370052678e+01 7.531295596190887842e+00 1.473066333498866509e+00 5.803010402450188288e-01 4.638147521588425332e-02
7.021246816710688174e+07 3.627616973781401291e+06 2.533367756525548757e+05 2.003698015005226989e+04 1.721977573512386471e+03 1.432869833923994065e+02 1.244876010363885754e+01 1.512808038613097539e+00 2.886781023062516827e-01 2.193223728595367419e-02
2.346701193700715154e+07 1.179984306688372279e+06 8.166511884966611979e+04 6.450652207346419345e+03 5.563510957773282826e+02 4.609228720898461518e+01 3.844060706651797332e+00 3.595901319874305613e-01 4.386166749121331310e-02 4.908217575402759603e-03
