-2.561724841774017276e-03 6.046145261798840584e-03 7.675007768253387305e-03 7.634756947448341491e-03 6.512203760149048136e-03 3.605474032495199245e-03 -6.172494588625231614e-03 -7.824202071023831501e-03 2.870189553519513523e-04 -3.230898974590473677e-05
-1.169659018274950280e-02 1.055567505078428177e-02 5.023088300370742373e-03 8.311700641876024545e-03 7.664742635840504810e-03 3.433803487455659199e-03 -6.610499575474135074e-03 -7.462349453039811460e-03 1.186333316860940372e-04 -1.164839783684878851e-04
3.628039676395245633e-02 4.876148168504399957e-03 1.070404706649295302e-02 8.821595109533361331e-03 6.857182939171619675e-03 3.130852628119819986e-03 -6.225177198284359559e-03 -7.604378944329073450e-03 1.663971525169307655e-04 1.543678623468872587e-05
-2.828578775025045178e-02 2.555174697224726552e-02 7.524167424327096038e-03 9.853295818435083356e-03 7.170847096699471505e-03 2.745020022529530684e-03 -6.116336066486832528e-03 -7.180449155842529192e-03 3.847432524752837342e-04 -5.209339850179510429e-05
-1.042231974441236719e+00 1.675788913992233217e-02 2.133440649026886390e-03 1.207906907341313625e-02 7.736608397446755048e-03 2.603212448135471153e-03 -6.696581092246620126e-03 -7.335807408905945307e-03 2.657232539217884793e-04 8.683942811260619713e-05
-8.349759892698905839e-01 -1.622220801959707581e-01 -4.942917031847529619e-02 8.594426587871321563e-03 4.216993085346678119e-03 -3.527746757264263455e-04 -8.187733468486261060e-03 -6.714768763602448932e-03 3.167075538699007375e-04 -1.276573116964724192e-05
9.654567139810609433e+00 -1.381982240355321911e+00 -4.708602074674823196e-02 -1.519353004710105766e-02 -4.222104584296875601e-03 -7.400566881145275583e-03 -1.050836957306059208e-02 -4.884147270853751027e-03 3.093954280712985839e-04 2.502075440336079971e-05
-2.147673968711027559e+00 2.670143767988129024e+00 1.587173766919150117e-02 -8.859611216533209987e-02 -1.476236412269443452e-02 -1.240524260605350808e-02 -5.779523919166966450e-03 -2.206010347800174459e-04 6.440274242758090440e-05 4.864769558367323775e-06
-1.916330700391039272e+02 -2.242305994109345946e+01 -1.973844736850087322e+00 2.956660157425381463e-01 -4.946188899874960805e-03 5.892900341077077567e-03 1.004586479802101499e-03 1.949274404932158902e-04 -1.676385185624585340e-05 -1.076383787559346816e-05
-6.578439522739951428e+01 -4.067043780324348035e+01 2.698133633998347047e+00 5.844685834524584456e-01 -2.542906919910726746e-02 -1.794106373852657338e-02 3.482593146127157223e-04 1.332376237345836748e-04 -6.243941971991906102e-05 2.240284335259074340e-06
