6.021647331572280680e-03 1.141755511828976451e-02 1.702191547251596243e-02 2.699016917947711161e-02 2.587615731000224989e-02 3.364083334104798866e-03 2.662006050245779940e-03 3.354191480647583656e-03 4.328057429426700215e-06 5.591834232126688528e-10
4.783673551627992686e-06 4.895456183912262442e-03 1.491252908678761604e-02 1.477922027516969002e-02 2.115589644785523596e-02 4.651624698702097951e-03 2.806966956631921396e-03 2.913914212768053263e-03 2.396460708204415342e-06 4.073692076129527184e-09
8.158061484310372494e-03 4.823617037107745466e-04 7.735365939681459503e-03 2.080936244213196090e-02 2.103170029635517344e-02 1.488987786953474817e-03 3.287111651953156070e-03 2.852982874413164272e-03 4.514428253844140569e-06 4.003043149041857376e-07
1.534542607730337909e-03 3.384726446019209749e-05 2.686341868775799641e-03 1.240372480272855689e-02 1.608941838497730814e-02 2.831836706056091533e-03 2.879759977511189579e-03 3.343677938060502300e-03 1.395341416401609132e-05 1.528869994797989881e-07
1.300237112942930449e-02 1.976397157033566018e-04 1.133414008026342951e-03 5.593979889500551132e-03 7.015949141095029380e-03 1.017948151824415092e-03 3.293224609889012534e-03 3.069541093052632723e-03 1.449995431478360729e-05 9.559718106775106893e-08
7.541222711534512069e-03 7.933306343222951140e-03 5.528445352419399973e-04 2.237522016034384738e-04 4.715977533463303908e-04 1.533411624095725131e-05 3.574779351225797295e-03 2.203992935227092054e-03 8.534269476190089009e-06 4.074247111057637309e-07
6.521121753097753812e-03 1.368185932036410649e-05 5.125345434893949231e-05 3.218996745630255786e-07 2.856152227413295469e-05 8.350237877840775594e-05 2.122331803692134415e-03 7.786066193013196912e-04 7.953164621304797846e-06 2.207883997773964393e-08
1.084936264794401787e-03 2.395964191400126644e-03 2.330191920376075005e-08 1.603681379097633822e-05 1.338114543504387827e-05 3.923726238942995754e-05 1.423240687846619818e-04 1.050533916324417324e-05 6.168400587681868376e-09 8.731825073514873423e-09
1.607225039416196864e-04 9.124672808024546699e-06 2.157300865466651012e-05 4.312649148839734398e-05 1.108726398811660334e-06 5.471938608057737519e-07 5.618525864164890406e-08 2.051656405850761664e-07 1.455096268083730232e-09 3.905609091480162777e-09
4.128930350012920044e-05 3.648789749768900922e-07 1.042426431167329898e-05 1.622973814462271035e-06 2.970098275122220862e-06 1.746797723730371546e-08 5.430405621923170684e-08 1.412727443212750176e-09 7.900979228514807373e-09 3.045124331796600288e-10
