2.357366295954329005e-01 6.760962544341032610e-01 6.729736428769144130e-01 4.779005664586253310e-01 2.955919928075218528e-01 4.936756828313888096e-02 2.180028736441369519e-02 2.763633754762766584e-02 1.041399580216028613e-06 6.321482248383239355e-07
3.407584658796835447e-02 5.459028851381692027e-01 5.009647252615468949e-01 4.055414152058814947e-01 2.740408894021017505e-01 4.747374056103210310e-02 2.215004332888327598e-02 2.962879990348914541e-02 8.061936360970168268e-07 1.351193491135035821e-07
9.302393314863835472e-03 7.261680818631172096e-02 1.898706557710450604e-01 3.204132119557943081e-01 2.085408660760797450e-01 4.672743618318260517e-02 2.177683713585673586e-02 2.864230898348287327e-02 2.387909973032988659e-06 5.352507506645768584e-09
9.181436742464873721e-03 9.874386556328333849e-04 3.817374487273934164e-02 1.197436665214371976e-01 1.391030379162712660e-01 3.351785390686596450e-02 2.203814214773571617e-02 2.822636275588448485e-02 2.699177666115161340e-06 1.606405319820323255e-07
1.001228759006752601e-02 5.310580540594337382e-04 1.107615001064709247e-03 1.349350394252048224e-02 3.601077586977025069e-02 1.078057595709988083e-02 2.460051288621432214e-02 2.656352438547780748e-02 3.162504689274335090e-06 1.890777149456737875e-07
7.356529032869504967e-04 1.720900389077970288e-04 2.818689343951737353e-05 6.892284134633678812e-04 8.254798691380167133e-04 4.481552678812909456e-06 2.749341522793871326e-02 2.210486848200296853e-02 1.309218396582859860e-07 1.023237388010194237e-08
1.219413281817557140e-05 7.415269846781947236e-04 6.252993128867928140e-05 1.848908054835637121e-05 2.446776587324379026e-04 2.662797131454681075e-03 1.939081350524955380e-02 1.075043447948997345e-02 2.659175169196595412e-06 2.479905917053580169e-09
1.224731839574417862e-04 1.280966707361830921e-03 4.525892312258864498e-06 2.540163615273496126e-07 3.215291728048383547e-05 3.044701836029228403e-04 1.659555911510233453e-03 4.439139523396208901e-04 6.243230391306794086e-06 2.590033364994845737e-12
8.377607823374463468e-04 1.114242448693175543e-07 6.878543255931878050e-05 6.112489911906859245e-05 9.578758886375174001e-07 1.852552060543891698e-08 2.028423108358432420e-07 7.272437298050278621e-07 1.700015433113584753e-09 1.581935807720441985e-09
9.701104343747283322e-06 1.385414511876410684e-04 5.100936933890432778e-07 4.269291163458713405e-06 4.925783790329266890e-07 7.422331973274122211e-07 3.621384161558053151e-07 2.843954174243172809e-08 3.155715724861410819e-11 1.724367069890236171e-10
