1.088158140249193689e-02 9.092168837385229685e-02 7.917796354310811802e-02 8.360280841992023815e-02 8.828513153246719813e-02 5.728601107282836613e-02 -1.224570394677652017e-02 -2.762896627975667402e-02 2.854127369883403993e-03 3.305540004935593424e-04
2.387027668048954665e-01 1.007175825448120149e-01 8.701299068159094874e-02 8.857409378202679706e-02 8.548661904821941437e-02 5.898211986908603877e-02 -9.809841878501097956e-03 -2.746156224514059024e-02 1.204355806223923612e-03 -2.732004164023305037e-04
4.587448831828418450e-01 7.673760566335208200e-02 7.952937759816755547e-02 8.748366990741945903e-02 8.028039716424463512e-02 5.662409084984203200e-02 -5.699721718556553275e-03 -2.640573882933208716e-02 2.670891519709929062e-03 -3.484060940939973891e-05
9.635309932553624002e-01 2.836595906827847346e-01 1.366467607627369352e-01 1.034002584362488514e-01 8.991684648733204444e-02 5.829726372394262307e-02 -9.160919230916294773e-03 -2.673195331344679210e-02 2.555008546681812338e-03 3.054202964018258804e-05
-1.618931337234378987e+00 2.148803684578274864e-01 1.625606783221899831e-01 1.448200221569250767e-01 1.028450306040147033e-01 5.298859231160216871e-02 -1.226015046553697793e-02 -2.641734247147053266e-02 2.495276272152338690e-03 2.654171620024598920e-05
5.203875541787367887e+00 2.410683532377532412e+00 2.650807191498874560e-01 1.951047610880300709e-01 1.018121638145697561e-01 4.024020006041388597e-02 -2.179515346998855616e-02 -2.489050352643408168e-02 2.471576524225240542e-03 -1.592944669753022885e-05
-3.119054841066114037e+01 3.383071745746342618e+00 -5.239508753810910857e-01 1.777780081087050601e-01 4.809987821003346847e-02 -1.093872053427233544e-02 -4.078829328230734047e-02 -1.626483487679264081e-02 2.332979540896285443e-03 4.510577804835979861e-05
2.801959719831969053e+01 -9.975891737361152423e+00 2.060193734705902724e+00 2.970924946905711406e-01 -8.903519501882839471e-02 -4.788562805530737626e-02 -2.230206035375238011e-02 5.840179569442232980e-03 3.952650663847998968e-04 6.113981129766062907e-05
3.448972722434614866e+02 7.239863252164238361e+01 -1.182139965164860973e+00 -4.777778592744115205e-01 1.265252625879219606e-01 2.804505653963696929e-02 6.544386517782580827e-03 -2.690529618607180389e-05 -4.178833649352982045e-04 1.841822905455718065e-05
4.093567411063531836e+02 7.726491101622193014e+01 -1.455096365289153093e+00 9.635419622289307373e-01 2.333055807182508601e-01 3.429680005030454754e-02 -3.547863803128878998e-03 3.605886813081992672e-04 -9.930024182126006627e-05 1.143117069479384153e-05
