6.342276866682262405e-03 8.202585408586345397e-03 5.323330770119054714e-03 6.065152804867018389e-03 5.011647488887983198e-03 2.689011475471829275e-03 -3.945307774502181467e-03 -5.385515784430384804e-03 5.449107007977887086e-05 4.087424404120216041e-06
1.142540268261478704e-02 7.198521965894776747e-03 6.305214493854629024e-03 5.510965283639581054e-03 5.487507121306595820e-03 3.070729640654335912e-03 -4.006923014504649126e-03 -5.127563038762274553e-03 1.242320798308894567e-04 -4.736011476773302383e-05
-1.960653142456719386e-02 5.346282590431098922e-03 5.283500825556762710e-03 6.711092146060589070e-03 4.479577048669720375e-03 2.636608989192403690e-03 -3.936548155808365992e-03 -5.358382966352676774e-03 1.002907298261047193e-04 -4.576505295708207865e-05
-2.060839086144203025e-01 1.440255705711766809e-02 1.025802809134179240e-02 6.700359997066798398e-03 5.210167696233363420e-03 2.093832568133802054e-03 -3.948958233724692186e-03 -5.260630871303320806e-03 4.892194502876235870e-05 1.825899301875024322e-05
-7.482663718454583002e-01 4.313087942213614939e-02 3.297870633325544840e-03 6.686963668463254996e-03 5.414443378526524048e-03 1.669032093911348947e-03 -4.360098561425722503e-03 -5.314396644272603026e-03 6.146712811501757695e-05 5.081808559463317296e-06
-4.292848543727475485e-01 1.230216967014683832e-01 3.236561479429724431e-03 3.082207682643126490e-03 1.857181145265792734e-03 -1.610409877574185450e-04 -5.315587113145044638e-03 -4.913971421267108487e-03 7.192218455331079161e-05 1.257798953254294668e-05
3.734104910221559770e+00 -3.383876169465466766e-01 -2.860010230318625959e-02 4.396741582556641832e-03 -4.420008914561068813e-03 -5.191162256333253268e-03 -6.923797720138798184e-03 -3.697915781201060407e-03 1.670208616972350608e-04 -1.258515594673149075e-06
-3.638455040681067398e+00 -4.554842861235814527e-02 1.318442612177360140e-01 1.098681885365407340e-02 4.055641958904968795e-04 -6.292980740959273206e-03 -3.958564756246316790e-03 -6.827765419901600649e-04 8.192193068732096957e-05 2.076394617737869875e-06
-5.596211238475419947e+01 -1.004079789074375562e+01 -1.495670900791087610e-01 -7.518723050088571558e-02 -5.757044282363238050e-03 2.707138691051935828e-04 3.514396376693144268e-04 4.253358085796255975e-05 -7.269009653135097054e-06 -5.571381236646618223e-07
-1.786519392468631224e+02 2.619836403070714859e+00 -5.172750569488228756e+00 -2.429822870931369061e-01 1.987871159516975406e-02 1.451305837378745727e-03 1.469264693653593622e-03 -1.818277897211119018e-04 1.650131716910547658e-05 -2.286900112398856863e-06
