2.171825078692491871e-04 2.211184421818114499e-04 3.078786452463030390e-04 1.605217981468669069e-04 1.647754233056694480e-05 -3.433667577173608659e-04 -1.255377855139846153e-04 9.206534069068730679e-07 -3.713652011430921080e-10 2.505661089617126035e-13
7.882466139617421385e-05 2.567636680150204372e-04 1.415488254400140504e-04 1.825189344898283501e-04 6.064988219807082737e-06 -3.398675513300795622e-04 -1.213510366407999429e-04 9.841071140336759146e-07 -2.218916265995537338e-10 -5.067607023536409703e-14
1.100136566490607717e-03 4.491345211052380753e-04 1.736307101770571113e-04 1.713770996753954696e-04 -3.053537567653617627e-05 -3.474422494416270200e-04 -1.196452995565513142e-04 9.623030119942151901e-07 -1.562274337596342719e-09 -4.411466920069400784e-14
-1.754874357086166643e-03 2.374092636483247194e-04 1.900850736100565203e-04 1.226153903413855072e-04 -7.233021235761869297e-05 -3.482184476686093957e-04 -1.073386862180780829e-04 9.722020481618152697e-07 -8.877747295294385447e-12 2.202340090517290205e-14
-1.122387196527040165e-02 -7.933248690317023762e-04 -3.136135455802394273e-04 -1.396469571029484340e-04 -1.953729675485147495e-04 -3.718532430403910950e-04 -8.932877180568709219e-05 7.516910729803281405e-07 1.680648569783613606e-11 -2.551733470040636590e-14
-2.686975328819371858e-02 -1.039912710016204075e-03 -2.171608175762429678e-04 -3.878688251762095148e-04 -3.708817101337752312e-04 -3.044794233601332153e-04 -3.776546275910992333e-05 3.502854551997761343e-07 -2.473784373070459526e-10 -6.257670178089915061e-15
-9.985939727424307522e-04 7.011332761797469835e-04 -1.181975144154463769e-04 -1.818314248488181006e-04 -1.052127995697743851e-04 -4.264954043393279177e-05 1.840996381933097353e-06 -5.423626245898721000e-08 -9.617053735138223574e-11 -9.468943534733138362e-16
1.328582193492102792e-03 -3.768029762770871825e-05 8.285043841654801767e-06 1.832675290582309936e-06 7.511593560920116579e-07 5.355093700626968493e-07 -6.143014720482460249e-08 -4.771061554150579875e-10 1.989141206238498063e-12 3.637192335924536122e-15
-3.952094889523300999e-07 -7.238245509251471398e-07 7.764654649512284691e-09 6.423078742423141526e-09 -2.379296212223310645e-09 -4.292786572775958487e-12 -3.528902095888565851e-12 -3.118165201738047312e-12 3.315484627734798081e-15 1.027367230036397357e-17
-2.075821379507313772e-09 -1.721939664265186777e-10 7.872229633677379865e-11 1.480719769094648602e-12 -8.841534536936482990e-13 -1.573182206033936707e-13 1.378658343461561909e-14 -8.530955133565707471e-15 1.016381601043772302e-15 -4.184268056208816988e-19
