6.712146082453988027e-01 7.065219797637236621e-01 6.277133595813054745e-01 4.466939007305055220e-01 1.454831418454751168e-01 5.895540480747196070e-04 5.817444179087676720e-02 1.976947350372781562e-02 2.550898591880411379e-05 4.034488977742256043e-06
9.137032095117221184e-03 3.894875377187284049e-01 5.387679450113769253e-01 3.674349941375354978e-01 1.443275434144491720e-01 5.281660075106302992e-04 5.968450380630427321e-02 2.105130098666812416e-02 1.164048929465894684e-05 1.781305247000874427e-06
4.442692525811410553e-02 3.546817351804240626e-02 2.154625795351781115e-01 2.571904021897435944e-01 9.116962912987780498e-02 5.723528751847338589e-04 5.688696139392700191e-02 2.048330570489118388e-02 4.476030442799357466e-05 3.929506317549485698e-06
8.411505382765714633e-03 5.030768442674493114e-03 2.245353761979035009e-02 6.645416860304308171e-02 4.130891285834139420e-02 1.146660025957154045e-03 5.325083480126335117e-02 1.821614793658716397e-02 3.306399418525222196e-05 7.913788539278027951e-06
3.142021583907333884e-04 3.245699421918949758e-03 2.035544852638400230e-03 1.958622616671473141e-03 3.500518146752566468e-03 6.678398292558378017e-03 4.366097266927115167e-02 1.440433438550596697e-02 3.404021448565617072e-05 2.894633106778113070e-06
4.247279108263540999e-03 1.144973700968669912e-03 2.491042997002377093e-04 6.750667431159534979e-06 8.847718388047715347e-04 8.778578770220517996e-03 2.208887701157561528e-02 6.335542539987119685e-03 2.529662379990481056e-05 1.367418131952594052e-06
5.061127169638382018e-04 1.312373902589536294e-04 7.029536574466517900e-06 3.324196058068900890e-05 3.337671777230659235e-04 9.415819708661819732e-04 2.638089482634665885e-03 4.819857766269331064e-04 6.180054335450006975e-06 1.135124275964561878e-07
1.686291783381612969e-04 1.598307141662168524e-04 9.408689314151337052e-06 1.252433577815458994e-05 1.385259009013166025e-06 9.140306224130437245e-07 3.389783833771463888e-06 1.132257888415332908e-07 1.325306969366547106e-08 3.664846332014166473e-08
1.597966263864594804e-06 1.366354682333907221e-04 6.429725460830498082e-06 7.039512566194038472e-06 2.491505974878263113e-07 4.933540373559929529e-07 2.299880328144090413e-07 1.906862891062112418e-08 5.878358076515525248e-08 2.123566933234672944e-09
5.989658390304192882e-06 1.443997532359966934e-07 2.249961626773802186e-05 4.471880376186529658e-06 8.864445074460257714e-08 2.888368749402094041e-08 5.316206702672313735e-12 7.040519791392872494e-08 1.443745480012420933e-08 5.808382183731175606e-11
