1.022067089835485172e-02 6.470072347694653773e-03 9.855507939017266184e-03 6.215242697676000468e-03 -9.726678960237282803e-03 -3.114625683245710389e-02 -1.529611890373730465e-02 -8.717994071546399516e-05 2.933066725930254699e-07 9.302271121609889265e-08
-1.189397704901008247e-02 8.567550638265255050e-03 6.223660889581661589e-03 1.759715653928366121e-03 -9.986398435720666641e-03 -3.094299810721102412e-02 -1.560487198201564868e-02 -6.788206855864688987e-05 -1.106435233037711196e-07 -1.606713816608527783e-07
1.072853077798554128e-01 2.664488998993862039e-03 7.981264905288897732e-03 2.417315363795595386e-03 -1.080668259915555304e-02 -3.127833558402270259e-02 -1.561819038265887388e-02 -1.118116329433231778e-04 -3.308485902654674795e-06 2.353636974179742991e-08
-1.444325716616315092e-01 6.589819749005200109e-03 5.436343642241898500e-04 -4.929550172203475862e-03 -1.514136977240142581e-02 -3.224099620096233798e-02 -1.485328626394207159e-02 -8.676913310029694699e-05 8.737742436572835457e-07 5.265623711401735762e-09
-2.394436169441847284e-01 -4.567058252263527657e-02 -2.639154391065066940e-02 -1.395680077064691792e-02 -2.442261974333964289e-02 -3.311191264411519203e-02 -1.314696919243548562e-02 -5.531503101741725348e-05 2.250450727869894924e-07 -3.507139308870052234e-08
-1.216714521335465315e+00 1.742768907172564941e-01 -3.401987085244916748e-02 -2.954468743053566271e-02 -3.235412009209683720e-02 -2.905004107225373985e-02 -8.737917708818309162e-03 3.083823230187054146e-05 2.050868894770150313e-07 1.878713118853239172e-08
-1.711632091475610906e+00 -4.173904699502128252e-02 -9.121039011689213022e-03 -2.504143068394901195e-02 -1.600104189855055051e-02 -9.540218885594073384e-03 -1.754737490115230872e-03 5.454089247685221689e-05 -9.529248282487722824e-07 -1.949941337350980975e-08
-1.280533598501075288e+00 -3.870323947584176916e-02 -2.116437394106623904e-02 1.146667896009913052e-03 1.194487447781499858e-04 -7.222753155799102016e-06 7.830987221592487714e-05 7.948276539267868569e-06 2.409675589998152997e-07 1.984552610287116853e-09
-3.822873924741125584e-02 5.837919695846732759e-02 -4.459333012765990742e-03 2.603494641242971516e-04 3.937434032225664891e-05 3.504718873718412100e-06 1.671492532892425675e-06 -1.548254979678722702e-07 -9.389138332903218816e-08 3.413841965661254940e-10
1.064226829833346266e-01 -7.132285256322794080e-03 1.591742009774607279e-03 -2.973871470396481886e-05 6.116155129914931275e-06 -4.995508249489753210e-06 3.091363114025460946e-07 -2.068335345495645464e-08 3.550487276233155655e-10 4.610710434236267520e-10
