1.125039688198172516e-01 4.811062540532336923e-02 9.350638209127734579e-02 2.588572929960990254e-02 4.400569907371702782e-02 2.810942819578514107e-01 1.829493287343926800e-01 8.690623997129848601e-05 1.100375227148609093e-08 3.708726886531538503e-08
3.999142762227901257e-03 2.480147622954742212e-02 2.028185245129526110e-02 1.785509982296750895e-03 4.315260007087758087e-02 2.757952852434661928e-01 1.895944081970607487e-01 5.299621597555036315e-05 1.563592893970816864e-09 1.105299280427728623e-07
3.997711301900465364e-02 2.778092512263671929e-04 1.057999990915977663e-02 2.217488629588622653e-03 4.359392048723788327e-02 2.717737243862857754e-01 1.878535001759781553e-01 1.434788807919542078e-04 1.395889867518305424e-06 2.382474880644710534e-09
2.270432154273399790e-03 1.080121300513883954e-04 7.824516603930228934e-06 3.034956692331094909e-03 5.690559509992168530e-02 2.684958181510956887e-01 1.792663348788989253e-01 8.634162068499773475e-05 9.777201292183269385e-08 1.190009439889374980e-10
6.930680518941925283e-04 4.447457040041089948e-04 1.931626893849746262e-03 4.358008697126683657e-03 6.236095614770939544e-02 2.389674089266618229e-01 1.498419860376395130e-01 3.578583211612871141e-05 6.577941955047867139e-09 5.298646644524885597e-09
2.359471576279406711e-03 8.600457708661112151e-04 4.868181729116341483e-04 3.863095362123868635e-03 3.777623943128335243e-02 1.556935195216367362e-01 8.348059307655544825e-02 1.188722001138195441e-05 5.658012221747905789e-09 1.552539359009776236e-09
2.250859319775089240e-03 2.902998456758371784e-05 1.831510813636872876e-05 1.630617084807652441e-03 6.755295739650685888e-03 2.073253038209355026e-02 5.400680199065135620e-03 4.499331626138240617e-05 1.388048772154929722e-07 1.820964814732538936e-09
2.183593579612042122e-03 3.809488375305652584e-05 1.608057947797932779e-04 5.773128751418818454e-06 6.739679332560251965e-07 2.411766219776876251e-08 2.235255035864249800e-05 1.661892792630674717e-06 1.341906636890993418e-08 2.476622410971438994e-11
7.306954502838555000e-06 3.785845138027405399e-04 3.075399649748895159e-05 1.271927127383767430e-06 3.241625483195712279e-07 2.698409964718680982e-08 5.047062572125483323e-08 2.623837997799736889e-09 6.427091780948331192e-09 1.675684955919682324e-12
1.045196677159243581e-03 1.017184967874636148e-04 6.774639758501764108e-05 2.955726850761972224e-07 1.413046577995962239e-07 1.039890631739167526e-06 3.634753070122816130e-08 9.597132372006948137e-10 1.310899701633300862e-12 2.561403907155436507e-11
