6.779454020759353439e-01 8.051544514850814682e-01 7.081092151650132394e-01 5.446316371758004315e-01 2.644990834047177830e-01 5.942238405528467438e-03 5.608107102311417347e-02 3.051314998578009280e-02 4.430185646436339893e-06 4.566320855562467742e-06
3.775905996376614326e-04 4.537230309498347935e-01 6.038614746149874035e-01 4.491683949282178623e-01 2.259536745638481281e-01 6.393294583237132088e-03 5.743031432322007884e-02 3.112021362024130350e-02 1.396572697402301874e-05 1.385049179848918344e-05
4.554851443108572789e-03 7.010172996204884488e-02 3.076894242490488818e-01 3.498738351245888611e-01 1.762065713491563212e-01 6.413140198452719869e-03 5.832169502836842545e-02 3.096140144099537514e-02 1.956833736466580509e-05 7.716945832648200427e-06
1.092534932100031747e-03 5.839146256535644210e-03 3.543835867199465750e-02 1.071022318639786447e-01 9.200340367930291696e-02 2.766805932104018755e-03 5.653310283886138488e-02 3.010457312064970803e-02 1.535719757641825788e-05 8.815759918002838430e-06
7.207041545890462792e-04 9.506855538820673662e-03 6.306126566814974953e-04 5.899189469275834333e-03 1.576332858350394314e-02 3.263607183016346293e-04 5.716221196305214941e-02 2.895332002549498226e-02 1.420579383106952846e-05 1.169596933804796056e-05
8.208952732723900914e-03 4.191836902768657653e-05 2.575929616628132407e-05 4.259545403632785721e-05 2.119151898689673635e-05 6.203907470016080568e-03 5.149126974430488085e-02 2.327808956421053080e-02 2.363305430221222450e-05 1.113960260118367025e-05
6.539489887186353259e-06 2.435723587373023202e-04 3.710506797244459928e-05 1.447749515318778009e-07 4.103684619707444669e-04 6.342936102152633981e-03 3.250497726361980394e-02 1.129352591379933698e-02 2.843446323405909206e-05 1.195161766640975682e-05
1.286183024283965289e-04 5.325775222960624179e-04 6.502727248131812056e-05 1.038593438813097900e-05 1.291481975297322806e-04 1.054067180364057135e-03 3.697131830496314716e-03 1.695174231893021742e-04 2.671580976940713512e-06 1.179276849828386600e-05
8.224201371362370821e-06 6.598709590877242337e-05 9.238344518340186099e-05 4.036995151275754817e-05 2.776178486415478904e-09 1.269161135247164177e-05 8.926958149834010611e-06 1.191618574164314003e-06 4.305000033260178752e-06 2.507499166850339509e-11
1.063250154251334192e-05 3.735084265417368699e-04 7.347476186532468808e-05 1.228734282234482519e-05 4.481505107236564647e-06 1.752634460993945965e-06 3.978813147334981485e-06 8.350856108104807177e-06 7.612152353732748826e-08 5.033677676771493325e-08
