1.581395686282870833e-02 4.179653017975294010e-02 9.575448436999721424e-02 4.641957525434906029e-02 5.326951347607909726e-02 2.275403148374516640e-02 1.339245695844321375e-04 2.033530219249816973e-02 2.013078647209382618e-03 1.405758656295080639e-05
1.142205043185099550e-01 1.073838135264489901e-01 1.469687785130623266e-02 4.096904507426937792e-02 4.733873375357268432e-02 2.639223486059943599e-02 4.249421882598050551e-05 1.892360538948471838e-02 2.247536127059954637e-03 3.963611474538533761e-06
1.017252432880452404e-02 7.728082799531111290e-03 1.419068475742979105e-02 5.345437903416061509e-02 4.517996628718087826e-02 2.055803403646144431e-02 7.935799801268500890e-06 2.023884483649109403e-02 2.262405959433277502e-03 8.864052764542438775e-06
2.473637412932913550e-04 1.125022619329890151e-03 3.433766859974007792e-03 2.544697556125040741e-02 3.013398199592929108e-02 1.973720213588009767e-02 2.227334561998989548e-06 1.972833740238062739e-02 2.209594399574558825e-03 7.548798825509024361e-06
1.980837198739768018e-04 8.751699511334123417e-04 5.186138046022484510e-04 1.071866481422505818e-02 1.614767718539950742e-02 1.299434688770406340e-02 6.374658904281805801e-05 1.950264059718765167e-02 2.044335882935732328e-03 9.627965829921840784e-06
6.312890144505582668e-03 5.542028623011511611e-07 3.033298045362266162e-04 1.601629375121412912e-03 4.295896459412177140e-03 4.308156829863818774e-03 3.286252711939402753e-04 1.822004663126716370e-02 1.661869465399081315e-03 7.505191231951476986e-06
1.194596002986853195e-03 1.431084111422116923e-04 8.466789776175351228e-06 9.089794753050451517e-06 3.229866825944913340e-04 2.501423445469814046e-04 1.099037180871129896e-03 1.422066307079937128e-02 8.831222812096001674e-04 5.509253228566665127e-06
3.182863822025251872e-03 7.841263442525971659e-05 5.670736603569277463e-05 6.873377847054957107e-06 1.700318164064794505e-06 5.972665536954718883e-05 1.126449710994470400e-03 4.336307912667901505e-03 1.025065649414199905e-05 1.478108409695270945e-07
4.643810107363667496e-05 4.373245249742311444e-07 2.220146709286164216e-07 3.261835419864174879e-05 1.564151143657485083e-06 3.438745780851344182e-06 1.692214634116906991e-05 5.171336129996540427e-07 7.890340566655965667e-05 3.313631311323050423e-06
2.726135151062469364e-04 8.531219108402867521e-06 1.622118764264518634e-06 3.784550588059369551e-07 2.220162852537134368e-06 5.934784828723096714e-07 6.111573738188116633e-08 4.386935242095450368e-09 4.758666550793179400e-07 3.863043782510872975e-08
