7.419579043487480041e-03 1.255865995238380009e-02 2.227763986490001111e-02 2.022211984739033519e-02 2.861899745685282659e-02 2.724485593487708732e-02 2.982449732147107995e-03 -5.171081586282779557e-02 -2.274544401130466562e-02 3.200963546201374740e-03
1.154165769839869682e-01 4.355180513070140702e-02 1.100485399754330511e-02 2.055866738762665222e-02 2.714218999238779753e-02 2.960891895582019873e-02 1.675541237805471722e-03 -4.971178301876837818e-02 -2.409525630372044702e-02 1.699833031340616937e-03
-1.451384794738596051e-01 2.926403872102999876e-02 2.008785388194381585e-02 2.875564466525557666e-02 2.875175368666571529e-02 2.682124017316027745e-02 7.284300558289451624e-04 -5.119211403494314250e-02 -2.416476040961889477e-02 2.535846759359556592e-03
1.264232014374927771e-01 5.185109071059076230e-02 2.701818625944625574e-02 3.568047358207152020e-02 3.088806318550716898e-02 2.834573745579892570e-02 3.970069104543661820e-04 -5.105999510445075745e-02 -2.392170254488332898e-02 2.345278515798795722e-03
-3.415879561144220533e-01 1.805310079351570562e-01 4.345348608517721201e-02 6.823707744413437526e-02 4.120322315857700979e-02 2.965504422303031837e-02 -2.296692746951514014e-03 -5.183880414529017100e-02 -2.312708411085923413e-02 2.654690089715082933e-03
1.011685196844221579e+01 2.552804349420037880e-02 1.589290813074272224e-01 1.086157618052628476e-01 6.439847221822611600e-02 3.111595568997225364e-02 -6.589241571306176867e-03 -5.371707282023725077e-02 -2.129058945831329569e-02 2.360580196383571007e-03
2.639513684043203057e+01 -1.899190235525423542e+00 1.289783389915371281e-01 -3.892155884503586266e-02 7.071574598464627770e-02 2.167698055305728941e-02 -2.133661347154538340e-02 -5.841152966198904367e-02 -1.661683816258265403e-02 2.076210958700550578e-03
1.913131030553634844e+02 -6.622673950692740341e+00 -1.494980210846687196e+00 1.481468992255330075e-01 2.193862213130810465e-02 -3.913456282270923875e-02 -5.836050103772942588e-02 -5.482448981523954656e-02 -2.231941172628161205e-03 3.718392090814762012e-04
-9.637703554294196806e+01 -2.146792267595976966e+00 -4.149453612353219967e-01 -1.419976668886194560e+00 -9.011554493705797864e-02 -3.877015232249887006e-02 -2.616894573225977613e-02 -1.649020414500773071e-03 1.125186742444483912e-02 -2.324103743554520145e-03
-1.209548486312279010e+03 4.832456856118562172e+01 5.792523422784359610e+00 7.812153176902749685e-01 5.509376620292238957e-01 8.202119841034118120e-02 -7.714470176342367973e-03 6.592566233462824601e-04 -2.768763878294341809e-03 4.854017199169095029e-04
