4.346292422976604126e-03 7.208102000623189953e-02 6.913979188456934044e-02 7.627640844065750048e-02 9.885050052028974965e-02 8.573108945104664091e-02 2.613169631449446806e-02 -2.521896666987083133e-02 1.709154166240239078e-03 1.393693476756024193e-04
1.309456571515596746e-01 1.083454753470943638e-01 6.692250287018966515e-02 8.795295000950405229e-02 9.745344410663142609e-02 8.256514508284136522e-02 3.026700936855130850e-02 -2.310674479417906824e-02 1.537391133269471778e-03 -3.376545568660533811e-04
3.633497326490865986e-01 6.446081134512483823e-02 8.231408518840349631e-02 8.678083343100538583e-02 9.048363954607363535e-02 8.507099180565524943e-02 2.952196844512733689e-02 -2.388818100228526017e-02 1.326452257741925992e-03 6.025145572898180373e-05
1.416103279865284170e+00 7.561424701304000906e-02 1.299129739283565732e-01 1.091862007448136662e-01 1.030241601924326150e-01 8.618062301276428749e-02 2.653130032765991381e-02 -2.575206150875847602e-02 1.437005274979649173e-03 -1.173478959771523069e-04
-8.186956357692176667e-01 6.600436292596867371e-01 1.995948405945793536e-01 1.870851588978562630e-01 1.228599211577346972e-01 8.953532511216509560e-02 2.580879452291538062e-02 -2.482700740935821215e-02 1.240113267379129624e-03 -1.994322360661987721e-04
-1.096293501448767138e+01 1.173227383784621325e-01 4.695717074655275658e-01 2.802948038313953227e-01 1.793500106929003801e-01 9.038630922847738780e-02 1.608661195326523824e-02 -2.507805380663552172e-02 1.720627332839687633e-03 -3.033988870155661659e-04
-4.167907555896883309e+01 -6.785347938156294667e+00 -7.552093565132893538e-01 4.857300086816205287e-01 1.712047345110306595e-01 5.629003235381345449e-02 -1.027524292175214203e-02 -2.320533132867624512e-02 2.213336912532919663e-03 -1.338230130398449294e-04
3.872142441059153128e+01 2.452776715065967750e+01 -1.298037727269323038e-01 -6.646074380839066542e-01 -1.627137865269239272e-02 -4.896636842369941206e-02 -3.260772171133286684e-02 -7.964234856341576366e-03 2.165152607799015593e-03 3.484705142925266267e-06
-4.796415398689538847e+02 -1.733556467723232686e+01 -4.519873569564501814e+00 -2.386861297532096027e-01 -3.612890272423235211e-02 1.878986897792161645e-02 4.950060648644600755e-03 3.347647181629784599e-03 -5.978238701602021790e-04 4.636284540378367470e-05
9.219873863411872890e+02 -2.220673712257509891e+01 1.465783104017220673e+01 4.269817196647011315e+00 2.493367562096562851e-01 -9.898902816194433962e-02 -1.044089112737690839e-02 2.831542030462339942e-04 9.203441724595403512e-05 -2.736227559969274574e-05
