3.685717876621462299e-03 7.796658709774491498e-03 9.272208373919076790e-03 6.871117345061117203e-03 1.796310589868871724e-02 2.230049322072381532e-02 1.055631645589249351e-02 -2.184900413193109278e-02 -6.604497308253529098e-02 -7.547732890756961820e-03
-3.349893918277794397e-02 2.243727397183326727e-02 6.571678581636042349e-03 1.316199042400041305e-02 1.730393095563767178e-02 2.021481396260571897e-02 1.070523615962409684e-02 -2.234342846053181952e-02 -6.786662351130529069e-02 -8.630480492680505170e-03
1.769554983182883290e-01 -2.440359101722711869e-03 1.538091531650523022e-02 1.481532258545180045e-02 1.925400310781702484e-02 2.164539045702604594e-02 1.116205800504996987e-02 -2.294113111631908286e-02 -6.611164945891492839e-02 -8.414336795306374267e-03
3.670768274033878176e-01 3.162206234769878322e-03 2.694203726715245148e-02 2.549238114669534483e-02 2.001089768536373770e-02 2.186807150932313856e-02 9.998262505730834762e-03 -2.352937201513901830e-02 -6.565568448899261611e-02 -8.050582710030049216e-03
1.223365580127901975e-01 4.491857172972699153e-02 3.445571602740440248e-02 3.687180882544442706e-02 2.885538990753250613e-02 2.259986416315189206e-02 1.070023470479948384e-02 -2.376644306762314487e-02 -6.521804189014143716e-02 -7.625044708637025888e-03
-4.895045317513853966e+00 7.328536132305070172e-01 1.420681752569573353e-01 1.098289189853645237e-01 4.785136608614177361e-02 2.470628422364987142e-02 8.024589891382074430e-03 -2.587824153820713138e-02 -6.623906895304322584e-02 -7.022788628351876034e-03
1.323882563174454496e+01 -2.352317246738545808e+00 2.484822704359825885e-01 1.776300784820193102e-01 5.111728019320816579e-02 3.042913443122487877e-02 3.027120335204142119e-03 -3.253586384807191645e-02 -6.711558825727645394e-02 -5.733964704029422682e-03
9.607298378034800024e+00 -3.305543098573177740e+00 2.908694074236199967e+00 2.039269293212948864e-01 6.534777402151151215e-02 9.581834098616860348e-03 -2.176853948767332181e-02 -5.126784294682412008e-02 -6.708931537270713952e-02 -1.108298308463392598e-03
-3.290043635186818847e+02 -3.533127504633038996e+01 4.198660475254927249e+00 1.838025163249527694e+00 8.363446342065455896e-02 -6.751009150290646077e-02 -7.520944568744722392e-02 -7.222542699512468634e-02 -4.539069759844267110e-02 8.243194015753461598e-03
6.354505977237631669e+02 -1.091145298062534152e+02 -2.808323124567011497e+00 -3.743953828650010252e+00 6.097938082285803141e-01 2.566658115276547469e-02 1.532795779261176411e-02 3.734275670890917914e-03 1.075112571079498390e-02 1.801467565009093070e-03
