1.646122671288493405e-02 1.084284738118166877e-02 1.878137878948809431e-02 6.628038731617331113e-03 5.242504693593933417e-03 -1.513326925877986513e-02 5.032788143629530640e-04 1.310793791382064628e-04 2.831316374371600731e-04 2.598886202542338817e-04
9.216637072172014639e-03 7.839784809684298590e-04 1.178003393622445785e-02 4.579065490308027037e-03 -2.144974590074621990e-03 -1.749143559152955413e-02 4.288921407579815610e-03 -1.133917332326175387e-03 -1.232408914052297876e-04 -1.399550556382480075e-04
2.376105169692548924e-01 1.438597398483269785e-02 1.481248335447767246e-02 3.967170461363721430e-03 -7.545647668081126823e-03 -1.705708380249594189e-02 1.366167834314308991e-03 -6.096539702565333596e-04 1.414108355445582005e-04 -5.073564986728224219e-05
1.800759516118656811e-01 1.152369986490976994e-01 1.110676817466095360e-02 5.606323735977200920e-03 -7.830009819218629319e-03 -1.353440909016243032e-02 2.363050967639986153e-03 4.446904033888210032e-05 -1.568213447949573644e-04 2.628222205837121291e-05
5.022463150978037083e-01 3.647598542997283755e-02 -7.985972240055542321e-03 -1.921310723013816861e-03 -1.211697608091991986e-02 -1.332203441475400540e-02 1.755513953674894259e-03 -1.683991886178348501e-04 9.184414201494019953e-06 -9.275380366647547677e-07
3.239014360970969619e+00 4.949567701604879466e-01 4.005654564551955343e-02 -1.156548424802752821e-02 -1.696507073454475711e-02 -5.232516263131507242e-04 1.090645898355970889e-03 1.750813062417135469e-04 2.048754071428889417e-05 -6.642928129385332476e-06
1.462023966110947804e+01 1.338867075619484037e+00 1.327190040191365827e-01 1.756792658744462179e-02 1.012555913626985056e-02 3.077266606705006055e-03 -5.976083238098646791e-04 -3.391227242940586723e-05 -7.879236337154226785e-06 -3.093738094150803240e-05
3.943839386441160499e+00 -2.280752659983383612e+00 -1.136954462285257178e-01 -7.396604772353647383e-02 -6.435540965890892452e-03 -2.112672009719135553e-03 2.621110801969462364e-04 -5.813453916166646049e-05 -8.017042891989476267e-06 1.419178060806982873e-05
1.049265124961425357e+02 9.555341083704211869e+00 -1.911572630054230171e+00 1.974957909959010882e-01 -2.619162534763826156e-02 4.622784912828251797e-03 8.359377251325765187e-05 2.383433889959850119e-05 -2.454014663618632615e-05 -1.120958965051855245e-05
7.988290169658584716e+01 2.871047818232267623e+00 6.273518595816059751e+00 9.350542824459295854e-01 6.409321616960005075e-02 -1.137551883332002869e-02 -8.545187829406781848e-04 2.507621834695003570e-04 2.638518875501012903e-05 7.628220944844886388e-06
