7.719506946532346536e-02 1.606927884995076883e-01 3.040894903875497879e-01 6.394777922991290442e-02 4.360152195657577656e-04 1.239641269687459385e-01 6.519685801560586025e-02 5.432157442447669389e-04 1.127252827022416592e-06 3.349781187426947950e-06
1.054181555613549265e-03 9.236300959968211932e-02 4.845921084533579004e-02 7.027470881387605506e-02 5.661103080078195931e-05 1.184236782193641702e-01 6.250144540707748553e-02 6.328372180099716467e-04 4.053098234081734917e-07 1.385037242604726223e-07
1.012675647475753948e-02 2.965767301937495548e-02 2.565393774505649385e-02 4.626551038539349764e-02 1.284242377300879451e-03 1.223999448098963411e-01 6.160781637073569489e-02 6.035937211806809621e-04 2.012567835525964758e-05 1.046711524119427017e-07
1.504248536550760115e-03 6.009692423957565957e-04 4.214393901754419705e-03 8.291075806878404550e-03 5.013678629767635321e-03 1.199999948798670807e-01 5.234395690550493196e-02 6.669623600099781023e-04 6.635493592506491128e-10 2.650842539800753182e-08
5.507521869001883938e-03 5.528048417668101743e-04 1.252997009857096094e-03 2.075351532412165155e-03 1.830459619079788380e-02 1.301091622617359389e-01 4.458039827307678366e-02 4.648340756089237597e-04 2.599421527773873437e-09 3.701564891451365243e-08
6.227032952918785946e-03 2.205706876950173977e-04 1.283700035088620301e-04 4.772492905749460383e-03 3.642049228708372360e-02 1.138516762086520251e-01 1.603360888143707391e-02 1.716588384471331627e-04 7.673866485433009166e-07 2.579970596649091255e-09
2.580067032771475667e-05 2.244076544325120418e-04 8.845329914324987278e-05 2.755732895260616395e-03 1.037908057358994177e-02 1.345022486609463719e-02 2.664434338515917476e-04 1.843185007557840400e-05 2.957345827946227968e-07 9.714045890022361344e-11
3.034212169465142113e-03 5.208847291310409670e-05 4.023775064213384037e-05 2.506494944436946109e-05 4.863879843157654822e-05 1.973443400981275708e-04 1.967541030592233261e-05 4.683502590108249039e-08 1.458009474645195819e-09 6.531893697517670906e-09
2.569881098910288937e-06 1.861622954224886612e-04 2.693920157952401211e-07 2.250683541878525859e-06 3.561861607556488264e-06 9.799664574429946061e-11 3.401635659207548000e-10 3.771787214152550528e-09 1.210260629958290927e-12 2.384824279218320599e-12
2.951257608761590390e-04 3.480725838166617462e-05 1.137295716462267416e-04 5.393193768360548188e-07 2.171192783166562927e-06 7.048392874648298817e-07 2.481497622675657955e-08 5.683817941040242825e-08 4.001758004703035944e-08 4.459084986772091876e-11
