9.034720072919886213e-01 9.856236767728155934e-01 9.833317157870822278e-01 9.614344778566792371e-01 9.023897124445978690e-01 7.133718914591969940e-01 3.011860384131000989e-01 9.284312353265139484e-02 4.121953455484499984e-01 3.571308472199679479e-02
5.244575917323227587e-01 9.454155762832598953e-01 9.725019847575961940e-01 9.555771133188940558e-01 8.962908352037781690e-01 7.127669077027750655e-01 3.029358637880854577e-01 9.345594908585415361e-02 4.124096306573063475e-01 3.593129957340396308e-02
1.242298641728211694e-01 7.014845419990686226e-01 9.152335610162847246e-01 9.365831776730382252e-01 8.836824787443254836e-01 6.993806755978498879e-01 2.994543932040368284e-01 9.384826880164209850e-02 4.125042374955079638e-01 3.582230937758094230e-02
1.939195907837890434e-02 1.363961200221614212e-01 5.965099292009464760e-01 8.446488438451180691e-01 8.336618276598085631e-01 6.764346364665015932e-01 2.839425583147294763e-01 9.643035297659803551e-02 4.120538469946728455e-01 3.557452725397510646e-02
4.052505550323399347e-03 7.120691095310323175e-03 7.198555986464011403e-02 3.942740728025578290e-01 6.404728213646214696e-01 5.798763600247301975e-01 2.444173254568387244e-01 1.046278586864588939e-01 4.110580758357341158e-01 3.517838491776178328e-02
4.487939406368639077e-03 6.285220394887678979e-04 2.306497469445707368e-03 2.818665549256755762e-02 1.521942983123902582e-01 3.047145374623101977e-01 1.370571629959274340e-01 1.336367071540463247e-01 4.074589054473967131e-01 3.353825709063202459e-02
2.787157430927371653e-03 2.783586319756888830e-04 9.815410607859891706e-05 2.336184292280629217e-04 4.422462193522697267e-03 1.844744496849566248e-02 4.964645275862120642e-03 2.034333627303199776e-01 3.924930618815820060e-01 2.824107428240631157e-02
5.000394984573482875e-04 1.324900321071240073e-04 1.548787438338568238e-05 2.447166542478146898e-05 1.066359747655824445e-04 1.333395609620341643e-03 2.473615955406128011e-02 2.488836185660979472e-01 3.339425371085358307e-01 1.420108004725343688e-02
2.995500587222794703e-04 6.881573511648515155e-05 6.738578342601173239e-05 2.765223848614795652e-05 2.283178674371897211e-04 2.169074652253453941e-03 2.254680094616950611e-02 1.397520615244890740e-01 1.505222549257322628e-01 1.740966443718516310e-06
7.017184375287268099e-05 4.507880300549401255e-05 1.900420720383268047e-06 2.359428685605098308e-06 7.112838046531079550e-06 7.896455874821567595e-05 6.888667404637118311e-04 2.880112080729002252e-03 8.991684568944331363e-06 1.527198515490618734e-03
