1.722779153324966589e-02 6.658575593777588120e-02 8.828107469614739425e-03 1.609663650821385045e-02 1.988657304458679720e-02 1.041775534122001828e-02 1.687880498622409530e-03 6.022657581598309280e-03 2.131491309488332125e-02 4.998847763121232819e-05
3.177743669660204606e-02 6.572752765399147820e-06 2.089996873183465418e-03 1.229945356053526589e-02 1.585134021965171891e-02 1.625179503505903844e-02 1.977081475972179963e-03 6.305732437318870877e-03 2.114398551817266159e-02 6.021113396186508922e-05
4.480220750313376570e-03 9.968973855512252083e-03 9.948973568011488383e-03 1.638381752703460537e-02 1.771518399456509588e-02 1.252403282458065120e-02 1.988419184695976779e-03 6.416719821570285309e-03 2.097250680761653108e-02 5.315726708285865669e-05
1.077661482545205773e-03 1.329456340280374751e-03 2.111336509476709634e-03 1.139321351843080796e-02 8.905223682036439783e-03 9.988835491463666366e-03 1.357972122052817114e-03 6.802494309620816040e-03 2.080383306817641317e-02 6.172594734845025214e-05
4.537926860011427810e-03 4.353478272859190952e-05 4.614550414026478281e-03 1.408881468143362682e-03 7.194046608787593201e-03 7.894368992209717731e-03 1.040745184656412595e-03 6.196579600121212943e-03 2.083704514455088017e-02 5.447046893331941310e-05
3.667539470548613354e-04 8.940481776681151536e-05 5.806688465386972186e-04 8.550906544998830832e-05 2.047890561956286319e-03 3.266470736911496284e-03 5.212979954730809131e-04 6.588362385767677736e-03 2.013372463261855344e-02 4.820907972255463348e-05
3.118473138119247888e-03 7.214506803824157985e-05 1.040149165193687375e-04 1.275000322634124912e-04 4.918983806800912356e-04 5.084069162793116315e-04 2.394192100430296401e-05 6.344800850181647571e-03 1.796363475712146537e-02 2.468957525400325951e-05
1.210772445394296898e-03 3.534647354370269403e-05 7.860823371100680911e-05 4.941045306124602720e-05 7.429648807016134813e-05 4.184013442495239686e-05 1.894806592636237086e-04 4.973507421903931337e-03 1.135976244841421096e-02 3.274350968043583398e-07
7.209471171731697612e-05 9.397057879302836707e-06 3.190774833411671741e-05 5.484932885265397932e-08 7.116084333552800979e-06 7.632112397265423837e-06 1.549202853350904762e-04 1.190211844820471005e-03 1.499713133178496183e-03 7.812592855176128030e-05
2.740966194601090079e-04 1.934446937465664597e-04 2.820703613401875023e-06 8.334691297542562815e-06 1.434114380213244808e-06 4.635932811083882164e-07 1.550442741773894612e-07 1.157779405285340936e-06 1.445886123070574524e-05 3.872405483895037544e-07
