9.821753685151852695e-03 1.310440456441608510e-02 5.240784424875143815e-03 9.395946739296372890e-03 1.366133152050048871e-02 1.507947970727210527e-02 9.201872486922254082e-03 -2.621144744873858332e-02 -7.886739711151702359e-02 -6.562639877731762592e-03
-4.684423428184617683e-02 2.498970849922032265e-04 3.392682164405859315e-03 8.826864784178054327e-03 1.276256456321580961e-02 1.887075041323641594e-02 9.926857283236114118e-03 -2.672085286839884916e-02 -7.883811397905732266e-02 -7.203434929144415799e-03
7.762644636063337211e-02 2.729822827377945821e-02 1.341425266887030961e-02 1.280547474152340763e-02 1.463848892155701804e-02 1.719400828948766322e-02 1.000194817733378316e-02 -2.694339123435411654e-02 -7.839688717908203930e-02 -6.754737889531478232e-03
1.777236248204314417e-01 4.658195243440427236e-02 1.806680143311463829e-02 1.929884313224044037e-02 1.351459051626138948e-02 1.666503114346125011e-02 8.486687594012918417e-03 -2.804591754794561950e-02 -7.818716231403788353e-02 -7.293737870628501374e-03
1.330186042568438420e+00 3.484828458711254628e-02 1.091665450970842055e-01 1.994835100746154138e-02 2.226111069993576969e-02 1.915880177910138371e-02 8.074123626357038175e-03 -2.731639579741546725e-02 -7.871812454757640132e-02 -6.866842958251869085e-03
-1.972908085935077382e+00 2.576227332150515803e-01 1.798486631100635613e-01 2.106725687060969840e-02 3.671749898950842778e-02 2.291270406908843885e-02 7.268055887570766711e-03 -3.044285763898215910e-02 -7.910075672696809113e-02 -6.508138861457023888e-03
3.494673872192338848e+01 -1.160380091268121250e+00 -3.898770212783305156e-01 1.227135965768632736e-01 7.606432792347533889e-02 2.685702477480717693e-02 2.837650921437978591e-03 -3.754072216082543489e-02 -8.039592208188629796e-02 -4.783818606427433021e-03
1.003426894543931382e+02 -3.953744011474111808e+00 1.669115378852173093e+00 3.697080681768791233e-01 1.345811948441978656e-01 3.077592745854948117e-02 -2.308003362604136091e-02 -5.971698131703347817e-02 -8.051564157676259492e-02 6.036694563118795952e-04
1.183228380948383176e+02 1.000400725511464195e+01 5.099014652483018217e+00 -5.914513988542523248e-02 -1.967148566629444983e-01 -5.979270483842021727e-02 -8.325407849059462961e-02 -8.550848097294541650e-02 -5.408087100279385800e-02 1.239838997804631505e-02
1.231482926003571265e+03 -2.403731264522866979e+02 8.084951910017700527e+00 -3.895803968661091243e+00 4.736917735190769863e-01 7.793975382527554285e-02 1.333717161641335101e-02 1.184033724868950241e-02 1.705308809646327237e-02 1.706479990020181182e-03
