3.584853002997532845e-01 5.885149394308711868e-01 5.441685538567698766e-01 3.797086869389393882e-01 1.798553724484687755e-01 1.594121705716638679e-02 9.761058766779394727e-03 4.094267153389862836e-03 1.041077145160810550e-05 5.305439587824716154e-07
2.835412331323546378e-02 2.877502173438603594e-01 4.572829191577182373e-01 2.781911642841429777e-01 1.546331920242612346e-01 1.396701683499817007e-02 1.017552075529048333e-02 4.647115113680152371e-03 1.534988953307266042e-05 8.791961163728183529e-08
7.400533022964624931e-03 3.992513276054248522e-02 1.892566763548520214e-01 2.399450970997311361e-01 1.303453130613958511e-01 1.238177218655131875e-02 9.223642367591369448e-03 3.680732874731830299e-03 3.763534444506533300e-05 4.351973973572472231e-07
3.612958087002479755e-03 5.211560122157669027e-03 2.070712111318761053e-02 7.777021541929129977e-02 7.592831924618774486e-02 1.037005767335444188e-02 9.555826866602997599e-03 3.754685201290992782e-03 2.557188026556414491e-05 4.629016086037918248e-07
2.615067190724556166e-06 4.964022171504346541e-03 6.070338752147400561e-03 1.139720264248998000e-02 1.803617314091812002e-02 2.504942907429677425e-03 9.287960704871468104e-03 3.437992204199347927e-03 1.651611183928768754e-05 4.540141833015048521e-08
2.840009602545364407e-03 1.789352713286352937e-05 7.672493771245658548e-05 4.877001531356406523e-04 8.038685197459940817e-04 5.567698604763905648e-06 8.667275874521509355e-03 2.172546238939639367e-03 2.878412542901297830e-05 1.429450378277430316e-07
7.346184257278556709e-04 3.150133048390413396e-05 3.876166496318776802e-05 6.149508327188852328e-05 1.114633472840663859e-06 4.670209484549949462e-04 3.595810159005956470e-03 3.623278902604111420e-04 2.408999159891274150e-05 7.706771470976811987e-10
1.066389252365762292e-04 8.131064983642697372e-04 1.897086136182884444e-04 7.239081586711636191e-07 1.985527976015750507e-07 5.210072309034191039e-06 4.264119188307898285e-06 1.207372364536630523e-04 2.821825047061702263e-06 9.774708634473035768e-10
2.712390998081802714e-04 6.785152721966911591e-06 1.349483940222533061e-06 5.235224172024990797e-08 4.247341238418365519e-06 2.398729273595070606e-07 2.415294895785858050e-08 1.703227697578890211e-07 3.369141112187572180e-07 1.554746525171732271e-10
7.158154725159317909e-06 9.776712373977089921e-05 4.777267658161718429e-05 2.914241363046081024e-07 1.125163220604807814e-06 2.038561493650821392e-07 4.577626656345739197e-08 2.150964969006398710e-09 4.776786711689271483e-11 2.575177597878263884e-11
