2.094274576819701028e-01 3.311196752970182455e-01 3.342488508930145930e-01 3.276041909088368564e-01 2.754801206662618185e-01 1.049662218069708913e-01 -1.000305909980259561e-01 -7.070373351856601429e-02 4.652260688636340735e-03 2.357580843657200269e-03
2.358619082193537109e-01 3.969127843466780381e-01 3.552364798727118966e-01 2.909206861640966646e-01 2.592915867043958933e-01 9.755143664504385692e-02 -1.019634373388120796e-01 -7.544179273787197937e-02 5.647195407683761569e-03 9.579079448383502745e-04
6.368339526148798502e-01 3.370288724456412255e-01 3.541360248350179929e-01 3.255577141587129852e-01 2.620923085767363214e-01 9.459424020202134020e-02 -9.731885871910289643e-02 -6.697575046908653407e-02 8.859621607416705291e-03 -2.131254143116251450e-03
1.467181916384461271e+00 5.516688070346440487e-01 3.296424105925221948e-01 3.228014723965289545e-01 2.474470790702548717e-01 9.432492404216891169e-02 -1.013809438812552643e-01 -6.810702934278170528e-02 7.320494449257210733e-03 2.204377659271297696e-03
2.480509276611919667e-01 2.270803715889507579e+00 7.126460916402118650e-01 3.460691856331214455e-01 2.106764860522792326e-01 5.715779109413762771e-02 -1.055268581054391169e-01 -6.621918905137645639e-02 5.920754290727713032e-03 -6.913600850044963018e-04
3.825276604609020836e+01 6.755356913475001335e-01 3.522155077398472778e-01 2.720245967669638887e-01 1.234017433048144735e-01 -4.608580786611767184e-03 -1.229344639235625952e-01 -5.531039974305640428e-02 7.989771434788798393e-03 -1.238394528119884279e-03
-7.298070761017439168e+01 3.580485300601473853e+00 1.011005456361636412e+00 3.634648613393814398e-01 1.507757766641419465e-02 -1.030578528790043608e-01 -1.238596133333356025e-01 -2.655213331078386252e-02 7.884905970655454663e-03 9.400443816899738581e-05
1.076559098098271079e+02 -6.017645789518425659e+01 7.988802267377795197e+00 1.385904256761934517e-01 -2.160207146598019587e-02 -3.282653548349516448e-02 -9.894609619898580774e-03 2.495292254748900096e-02 3.449740652333890215e-03 -1.179367254931922726e-04
6.426656497791703941e+02 -2.444805393413051320e+01 -2.951828920781854659e+00 -1.602244655453070599e-01 -4.217523744997082047e-01 2.910330433813886064e-02 2.816779241711379802e-03 -2.747695580503651744e-03 -2.340282909689276117e-03 -6.598567050083893203e-05
6.995031077450153134e+02 -5.859917257061759983e+02 1.132325304398983263e+02 2.463113573329078765e+00 -1.426951085440010258e+00 1.750235031612359937e-01 -2.441900938265340743e-02 1.712869466961563060e-03 1.100541713540794314e-04 -6.352700247439359120e-05
