-7.851783958674566147e-03 8.335972714698578617e-03 3.554718447230695993e-02 3.327545949838706107e-02 3.970813582909533263e-02 2.299085738074376287e-02 -3.181410352320905577e-02 -4.372105666780168320e-02 4.376561419669152894e-03 2.044650951746708261e-04
3.384294690672075973e-02 2.619584646444125461e-02 3.081061630215120237e-02 3.014850850025398502e-02 4.002805054814935481e-02 2.524112678041510321e-02 -3.927816935080641336e-02 -4.081102768301777400e-02 2.658085748554263415e-03 -3.035366868632210602e-04
8.879340216781454742e-02 5.358242174856400059e-02 4.382750185292422912e-02 3.709962497713550217e-02 4.279868851875008595e-02 1.829329216572882916e-02 -3.553638802269105251e-02 -4.197728928582067365e-02 2.967826048818782148e-03 -5.282255227444304299e-04
1.156045172417865252e-01 1.356210003101289696e-01 5.911950090748164383e-02 5.637725088386975891e-02 4.621405448479613820e-02 2.358315650367501237e-02 -3.790654585907624052e-02 -4.161592642974928230e-02 4.024675394223835127e-03 2.033203105054825572e-05
2.321383609809162696e+00 1.999509298569731308e-01 2.413770065519708630e-01 7.616887110618299206e-02 5.405184624145937394e-02 1.821629457508316952e-02 -4.076779869161835379e-02 -4.093260569451766251e-02 3.375815332276482263e-03 -4.398218046876417315e-04
1.316225262801929397e+01 2.271577908574690774e+00 4.344180445537701996e-01 8.697538612236074829e-02 6.148333457383901163e-02 4.299759244883539881e-03 -4.787411553854437757e-02 -3.747148285031614429e-02 3.723385431336402422e-03 -3.694790456555617736e-04
6.089699020983968580e+01 4.329399795375436177e+00 -3.206041336708840284e-01 -1.854618048213024437e-02 2.717091342199368098e-02 -3.138277085297830338e-02 -5.884334514696965696e-02 -2.430499607034706036e-02 3.996213939794196653e-03 -2.143785936932006257e-04
-1.222036420469699891e+02 -1.846086548790941961e+01 -1.399944789422720992e-01 1.642751278806777460e-01 -3.268810447899778843e-02 -4.320890124262181248e-02 -2.478021890094272983e-02 4.923144402217598595e-03 1.197135751938612717e-03 3.001863960723408204e-05
1.844928460635915997e+02 -8.771309927417304309e+00 -1.141709086263830386e+01 2.595396576767686550e-02 -5.056050650562236848e-02 1.405678717450243621e-02 2.184244134203320610e-04 -1.048780939178285731e-03 -1.321817071506717085e-03 3.059322930547595204e-04
3.297431422502361897e+02 -3.915772295189448471e+01 5.951634352340824385e+00 1.526231852602213834e+00 -6.526897079903964949e-01 9.333280336927381182e-02 -4.792050277104954010e-05 -1.124967258414756470e-05 4.937474602631975238e-05 -1.026832790777497802e-04
