4.630085309032365148e-01 6.814231949698564828e-01 7.683363099559005205e-01 5.511615372261308154e-01 3.670512529985395234e-01 7.099777639332215118e-02 3.713260999084292552e-02 6.456048776176837034e-02 2.395522764920826467e-05 7.379252996731818349e-09
1.366915238714305758e-01 5.921227683167287204e-01 5.482163816264105094e-01 5.144925260219969099e-01 3.513197768821155198e-01 7.083707274158215772e-02 3.766434978253038746e-02 6.410973365860993256e-02 1.566983983818389612e-05 9.085805805508616701e-07
2.060465593629099562e-02 5.800705537197302364e-02 2.876749641228040222e-01 4.018938050898485104e-01 2.718294447642706779e-01 6.811461161972974521e-02 3.627345227599888117e-02 6.470740863774707141e-02 2.415585925050577060e-05 1.289297747140427472e-08
1.851204527085199120e-04 2.678083401872340466e-03 5.668572986178440493e-02 1.614499028513247947e-01 1.919546855337958824e-01 4.922317268493706793e-02 3.839402032418556127e-02 6.457217318728757094e-02 2.669579875286938952e-05 2.901187459596158022e-08
3.434677590316850132e-02 4.731363452872311916e-07 2.747576716096429821e-03 1.643173099353356648e-02 5.412949187059969830e-02 1.709734933119872943e-02 4.281676729167634143e-02 6.147773794917294615e-02 2.048553710962797120e-05 4.236400209440715101e-08
2.376551874533420258e-03 2.103192205397306461e-04 2.354920162890842726e-04 4.920808658147367374e-04 1.665166247202469908e-03 8.139810332955797246e-06 5.017915411599947056e-02 5.268958335060304476e-02 5.960407435214885172e-06 1.488937413607204650e-07
2.379518023708369207e-03 1.234347404406591986e-03 1.221833765154103538e-07 1.761503755011197941e-05 2.257896854537038095e-04 4.964193628307452498e-03 4.127395705664645836e-02 2.890554922906697979e-02 4.084302573735703094e-06 8.993831101499847289e-09
2.973163964479037021e-03 3.507939277159717660e-04 2.160301815252848448e-06 1.101283248744995919e-06 8.430156956191376413e-05 9.865015532107476986e-04 5.043580160483787482e-03 1.652430698535450491e-03 1.942959106173381084e-05 3.270344054967175995e-10
8.719132192301150098e-08 2.009928221105225510e-05 9.298312125708072516e-05 1.378395502876377765e-05 6.555582623979214697e-06 1.350004579350736003e-11 3.569783030606170884e-08 3.875143473184650650e-06 2.105223519771640259e-10 5.259514424308700276e-10
5.955115253986236666e-05 2.277151797901196318e-05 4.031537658865686098e-05 1.756830710825629433e-05 1.449902943399580872e-06 4.176606738222366949e-07 4.571340752104208014e-07 2.323874750593705022e-08 3.697440876824961202e-10 4.580925273590514416e-11
