3.693020608183423745e-03 4.863382065911712147e-03 4.709064122654502658e-03 4.237173611020205247e-03 3.829680387089240672e-03 2.042550314638574491e-03 -2.024288690654124125e-03 -3.447683065825264074e-03 -6.216014863105256223e-05 9.988912846768873402e-07
5.499065010688258467e-03 4.611946579300778802e-03 4.173281108924768550e-03 4.181592433318372104e-03 3.859148257178014740e-03 2.081708098204757950e-03 -2.042157587276742167e-03 -3.427228911813232168e-03 -5.022060939532436047e-05 -1.108628052810022744e-05
7.515607478082936624e-03 3.794728152699921968e-03 4.421740825195036827e-03 4.142227700131431191e-03 3.561985355680656953e-03 2.069780975741500415e-03 -2.013458635423548502e-03 -3.447022989066879286e-03 -6.245864568374216784e-05 1.320527210427964162e-06
-4.153434228648446649e-03 3.235390174248461460e-03 4.818526014956719949e-03 4.076672771304292071e-03 3.570659363220509992e-03 1.882046251590429329e-03 -2.121044317866293064e-03 -3.446551100743777858e-03 -6.574864520603402110e-05 -1.981095597008974302e-06
-2.288332617215985409e-01 1.867524593017418663e-04 3.900581974255769996e-03 3.570539288395547205e-03 3.161142777819395296e-03 1.347394680060704820e-03 -2.383912673041830351e-03 -3.395084025514388381e-03 -5.784299535766135737e-05 2.395851793346423501e-06
-2.926612414662985717e-01 -1.796415254337611900e-02 5.231378857797648954e-03 2.316491481395170637e-03 1.512387231819342604e-03 -5.000147857629604222e-05 -3.075498652432545350e-03 -3.234167289187845143e-03 -3.145098679947339163e-05 -4.508606153330432739e-06
-1.139789622424080884e+00 -1.801294658226950951e-01 4.688393949515282707e-04 1.632627423441524242e-03 -1.804546157320956364e-03 -2.917589973914923914e-03 -4.120973618264517704e-03 -2.618527135007675446e-03 2.697738204964305030e-05 -1.122435269789282216e-06
4.657025254808238479e+00 -3.188521121303141692e-01 -6.259904898803486661e-03 1.282420155658510648e-03 -3.316743753687933713e-03 -3.412921012090608646e-03 -2.763261773859691968e-03 -8.350534618288289659e-04 6.656493348400673580e-05 -2.243986241938208674e-07
-9.487043694559309237e-02 -2.918697476928507339e-01 -1.598583990407714261e-01 1.764653773391818004e-02 -3.484376403632509760e-03 -1.425735260890474903e-06 2.200613879827581300e-05 8.423735053898077690e-05 -3.202945902203256496e-07 -3.359072085954022011e-07
-1.063953184186788370e+01 -1.379149924963545271e+00 4.656039723201003677e-01 -8.725641812876543113e-02 7.222013246216722575e-03 1.079240039298490000e-03 -3.160630079340635075e-04 2.146542754402278380e-05 9.847251863429907037e-07 -1.525789217198549312e-07
