9.329510929718429907e-03 1.245011321503266752e-02 7.886621237925366124e-02 3.163349448567483180e-02 1.126124001101421086e-02 5.068595364558777655e-03 7.792714023606645349e-03 6.278297497244077685e-05 1.391641664351960070e-06 1.547418617757644112e-07
1.286083789127051612e-03 1.856615263494482138e-02 2.818370033159657562e-02 2.005143954681595786e-02 9.470922653370499739e-03 3.562964104845257104e-03 7.535382129838878555e-03 3.408534242922933678e-05 3.172961010659231941e-06 1.196413265250707448e-07
3.200127373572419945e-05 7.326116409269669725e-04 1.371488898480360472e-02 1.381957875452141486e-02 9.132774408364711591e-03 5.030702476987543824e-03 7.938630734636856895e-03 4.141435036608340226e-06 3.343554247667413787e-07 1.339834214351207270e-08
2.615862576815848606e-02 1.026509135692212559e-03 1.744692846052122402e-03 4.581233215660170804e-03 4.716257078493167436e-03 4.194546072076323594e-03 7.464343900591936982e-03 2.620394674309774316e-05 2.365654294768222378e-07 5.740441521990440312e-08
1.657340202051633439e-04 2.955129749252163266e-03 4.598056852410332095e-03 1.468182222266016957e-03 9.802525610894249550e-04 4.975434066276066165e-03 5.924103606628851326e-03 4.043934922229144212e-05 4.847005246418537088e-07 3.724203942272995664e-08
1.221074902886327279e-03 1.672403908421751925e-03 6.981806044481399102e-05 1.945026769193724592e-05 7.212700144316109738e-05 3.150881787693790743e-03 2.544730642078112722e-03 7.687345361978670613e-05 1.673812667994976639e-06 3.991140552353077589e-11
4.828548168594564956e-04 2.694159137645290233e-05 3.984612190099698467e-04 1.949991964973933969e-04 6.437773257451452939e-05 2.242573899607451233e-04 1.736690526577540069e-06 4.021457400080777301e-05 1.188011177392959353e-09 1.341540012089118199e-09
1.129747314772056250e-03 1.079407358826493449e-04 3.223870349205846956e-05 1.887409441099256941e-05 4.169784120430167664e-06 4.258248194356159002e-06 3.320259082445685667e-06 8.690599205495165124e-06 1.990775533083158874e-07 7.942925916431009734e-09
4.784109590012189400e-05 3.489455905432162332e-08 5.494027570050970521e-07 1.485365413716679026e-06 1.796892302153283242e-06 3.103436593684316943e-07 5.937628658087725561e-08 1.164637040123008654e-07 1.294190539107792963e-08 1.183014504002060297e-09
1.535045986757490569e-04 2.899766245254154284e-05 7.161966553915127603e-05 8.211161049165117104e-07 1.078980872516029655e-06 3.991413309064255937e-08 3.590955794139908516e-09 6.274325885488933593e-09 9.627995765590105582e-10 7.375662088923401633e-10
