9.684658150415306199e-01 9.631724135869481618e-01 9.528480447751156435e-01 9.177962259779519627e-01 8.755294190618522210e-01 7.908792611235540004e-01 7.028030197406702761e-01 6.538095083961302789e-01 6.544586409299163465e-01 7.402735191307676654e-01
9.588973593888784341e-01 9.542361070181702987e-01 9.432431557372978892e-01 9.164028188561690325e-01 8.715844256280620428e-01 7.918837889052151580e-01 7.035509574575893321e-01 6.548798906728390268e-01 6.548841757602232860e-01 7.399265317641074979e-01
9.453728367120287635e-01 9.413934577540147286e-01 9.361657040315130018e-01 9.122808842158187659e-01 8.655500546686868413e-01 7.864617831826795635e-01 7.028030312974351546e-01 6.538813503517317827e-01 6.547652882077283909e-01 7.406562560813085838e-01
8.964555171365446995e-01 9.203874334636790167e-01 9.146262226074678425e-01 8.969117985068846277e-01 8.548189421376944930e-01 7.834951528053979430e-01 7.033899998870656312e-01 6.536479914596790008e-01 6.551283610007339053e-01 7.403498951936234862e-01
8.936224510354350281e-01 8.774893673300339092e-01 8.738558438344520285e-01 8.550973483698304234e-01 8.272312056484319998e-01 7.658660848982070668e-01 6.977176719179193354e-01 6.528663135542694951e-01 6.551386234487223126e-01 7.405196930147504020e-01
8.190902673133554357e-01 7.858413430853552484e-01 7.992281844691441206e-01 7.852446742504555210e-01 7.696278481793386028e-01 7.347110805733660932e-01 6.868902810800056047e-01 6.519547762679392955e-01 6.554943553853046501e-01 7.409734800047282910e-01
7.064592503300214377e-01 7.201215221513773690e-01 7.096368096642645673e-01 7.063175993555966814e-01 7.034096485121391629e-01 6.908616071053684804e-01 6.677596056632667532e-01 6.479375753372905722e-01 6.567847686257736184e-01 7.427012596246451714e-01
6.611003015480499956e-01 6.580246956954295401e-01 6.586930856105664978e-01 6.569439840901557526e-01 6.547832897972315491e-01 6.541703030771814920e-01 6.482327695123507594e-01 6.449459581776195716e-01 6.624452127243357635e-01 7.480904727007018362e-01
6.486204856008249697e-01 6.529423405109786582e-01 6.559107763424644189e-01 6.521920668312000124e-01 6.532761569261428258e-01 6.546199468023160550e-01 6.561950801879518069e-01 6.614101294255536612e-01 6.842957863311747158e-01 7.672570459473621041e-01
7.310433459180072369e-01 7.414537596204944236e-01 7.363620518296161155e-01 7.361144007418878310e-01 7.362563254587338735e-01 7.368349447475287528e-01 7.381183983656143255e-01 7.440470474711075033e-01 7.646040800852594854e-01 8.307537399640938514e-01
