1.750435038040651259e+00 4.113536399019567469e+00 2.319934067104592046e+00 1.499521389626427892e+00 3.352779805782997724e-01 -5.181228233743552236e-01 8.948586844046943489e-02 8.071758367890745356e-02 -4.385507543018306309e-02 -1.640050700769865241e-02
1.652895294698746853e-01 -8.041484069144241076e+00 -7.395756932667141292e-01 -1.211601224446036573e+00 8.574819835453116879e-01 -5.397632914027428175e-01 1.187416740348396227e-01 -1.077641032196088172e-01 1.459031634808312036e-02 3.740454420665886848e-02
3.359990644198926191e+01 -1.221076068189180219e+01 -1.659925885044399640e+00 -5.917850461622349567e-02 3.412926295071035399e-01 -1.372097582344577127e+00 2.943505932534975361e-02 -6.949328334806167962e-02 1.175717808612858177e-02 1.529410867349129038e-05
-1.396042184392630077e+02 6.393830359250205042e+00 -5.108171419769287347e+00 -1.214593680643415663e+00 -4.564350041242465350e-02 -1.476762225766638847e+00 -2.285621377758822459e-01 -1.025105441835059417e-01 2.203788927355625205e-02 1.233066059495444358e-02
8.768565787809341145e+02 -1.875941309143976454e+01 -1.683426173747053411e+01 -7.565052155505649800e+00 -3.297520824634239123e+00 -1.635534455298806478e+00 -1.088425070581186954e-01 -5.892159948370135486e-02 2.217344443175558663e-02 1.357934404332333291e-02
1.950456515252608369e+03 2.412855268650771166e+02 -1.162723656683658788e+02 -3.419720493962903873e+01 -8.489684868855256639e+00 -1.055347879930612187e+00 9.404800843179582370e-02 -1.468990086920893279e-02 1.386220655455577128e-02 4.523722252157818050e-03
1.088288332494729002e+04 -3.304774641787465157e+02 -2.281172246648443718e+02 -6.830957683019303772e+01 -1.544438391818425593e+01 5.329494930194974417e-02 -3.215311355534712923e-01 2.511307394600368822e-02 1.152715379820748757e-03 5.492351792984926338e-03
-1.947306623400034368e+03 5.070277719325188173e+02 -5.529668477150580657e+02 -1.953785252159680113e+02 -2.419948771572311941e+01 -1.289914684278372414e+00 6.864240937654360331e-02 -1.917016271120148760e-02 8.383448882732747950e-04 3.926405755474473777e-03
-6.037924116074336780e+02 -7.111379794756016963e+02 -3.303465221612510163e+02 -4.349724085767983439e+01 -1.233313708240226880e+01 4.110197889051185605e-02 -3.730680748524714541e-02 -7.654579448924952881e-04 -1.006720605685757419e-03 6.848401187862096376e-04
-1.253427567190333320e+03 -4.700095189120649593e+03 6.587443194883625210e+02 2.272652831695772591e+02 1.447111218600339022e+01 -1.979799931669313784e-01 -1.397734789266023570e-01 9.894433161479998864e-03 -2.558796209306972479e-04 3.031658242407805426e-04
