3.181180218315545094e+00 1.423928609521989651e-02 -3.239544559221259057e+00 -1.921875865581010867e+00 2.368253290214915041e-01 1.329886740057605099e+00 1.143109203326354795e+00 1.252347383945532355e-01 -5.622503079521298242e-01 -1.112177985988186263e-01
-1.186868660892246119e+01 -1.932566004636071089e+00 -3.960404995028146136e+00 -2.629054171647445592e+00 -1.475338222567990076e-01 9.938429606030347863e-01 6.977924748420867296e-01 -1.973526226833072494e-01 -5.216650343587094785e-01 -3.318280580889562681e-02
3.239606104004421638e+01 -1.269270474173027097e+01 -8.048620935283201661e+00 -4.221259824844131536e+00 -9.219095870456227582e-01 4.430148623190716672e-01 2.016086434238697211e-01 -4.939064090557967468e-01 -3.772244807075887385e-01 2.451570580167189081e-02
-8.515613935490414121e+01 -3.453113404315724466e+01 -2.075794609433631166e+01 -8.199308755900293733e+00 -1.532164271884573159e+00 -8.752340033880755266e-02 -1.724911142191077607e-01 -5.578911849709673465e-01 -1.660724857575747448e-01 3.244030828349696305e-02
-3.544847056980314619e+02 -1.227227299539639347e+02 -5.703066848662081867e+01 -1.965368235827936516e+01 -3.510996995105723606e+00 -5.401031155874224110e-01 -3.217636953727847637e-01 -4.676208144806299205e-01 -3.982160919222203083e-02 3.007022016128389069e-02
-4.403833052380884965e+02 -6.404393565662752508e+02 -2.052673074646791349e+02 -5.201802598595939031e+01 -7.621787345052024598e+00 -8.672336166180211192e-01 -3.424950644611126638e-01 -3.852120567817211017e-01 -3.823951711503022211e-03 3.195338618412185694e-02
-5.485758774814118624e+03 -1.933262882136604503e+03 -6.567848461382235428e+02 -1.680797667915896909e+02 -1.898481120800001420e+01 -1.189748522609372472e+00 -3.634677415482713836e-01 -3.554411198654023885e-01 8.661355468515579553e-03 2.420678868665957634e-02
-1.744068519083443607e+04 -6.583282780592228846e+03 -1.875695518322357657e+03 -3.960970119922629351e+02 -2.513520215794605761e+01 1.856444111038203282e+00 2.064557914470705954e-02 -2.900242805922942368e-01 3.643597530933354034e-02 7.698842957849060496e-03
-2.199550307765156322e+04 -1.368783525878285036e+04 -2.924723861003642924e+03 -2.441164378705458944e+02 9.394326842978865955e+01 1.822457199447227083e+01 1.225062291908562973e+00 2.611092569338419045e-01 9.437160971209818117e-02 -6.233957560312464868e-03
-8.765452179281133795e+03 -3.815621748736208701e+03 5.256075284277138735e+02 3.879217016382315819e+02 1.014918858693574855e+01 -5.508691100337627766e+00 2.215015470108937512e-01 7.265176107702191188e-02 -1.217661481745403035e-02 1.876908336622688540e-03
