7.056696749170925272e-03 7.479671718812906656e-02 1.162917954448132313e-01 7.427693542110773428e-02 2.865102697034430448e-02 3.764447402731912681e-03 3.954591628002057831e-03 3.044601557168823743e-03 nan nan
1.062406863837939662e-02 8.544291795896793995e-02 3.078131201063195876e-02 7.341362619474330053e-02 3.791012117022973804e-02 3.216721115020295882e-03 4.574085879398039935e-03 2.768499011063794198e-03 nan nan
6.203149793472182739e-03 2.079209657285821088e-03 3.998469178998059759e-02 5.371938024529962497e-02 2.471258836807915457e-02 2.599547858279492845e-03 4.021607159531107901e-03 2.852683123039814837e-03 nan nan
2.116961566171132541e-04 2.960824839517705708e-03 2.697388866212101395e-03 2.132865839856654122e-02 1.673751917095266800e-02 1.684109529186692553e-03 3.683492867894676715e-03 2.536140231041573555e-03 nan nan
8.121423175874333336e-03 6.646051565005588202e-05 1.302468793692656030e-05 3.378082181024053519e-03 5.816215258855185997e-03 9.587345696243770041e-04 3.820822196671529950e-03 2.550723813563179464e-03 nan nan
2.677041551579249301e-04 2.469070723194247401e-04 3.090896468418850352e-04 1.009889491896423611e-04 1.889937643908079046e-04 5.270507144473471360e-06 3.749312607781296949e-03 1.941635173738577060e-03 nan nan
1.416318677817408065e-03 8.039873147406500315e-04 1.285348660180810145e-05 1.599962934141055572e-05 1.296232708049262965e-05 3.087894861147133302e-04 2.293751409382844587e-03 7.643633576868369634e-04 nan nan
4.347420179932300063e-06 1.595639212977885098e-04 8.949511901931841598e-08 3.332047088036678217e-05 1.062149234935571822e-05 8.063137089310140886e-05 1.359027245867462359e-04 7.607017089037150463e-07 nan nan
2.216401743218709454e-03 7.263757418532309964e-04 8.671837235726797676e-05 2.385635311576718681e-05 7.947425463725518833e-08 1.382260145900433333e-06 4.415417027417059902e-07 1.293295240633902264e-07 nan nan
1.555262451208289567e-05 1.270103002136531098e-04 8.567771631981595622e-06 5.044850308074184336e-06 1.133875686671258133e-07 7.147719775306407426e-07 3.330170289760999954e-09 5.232796035806847873e-09 nan nan
