4.405727459112254198e-03 7.208944711118892013e-02 6.913682549275904088e-02 7.627183561090566943e-02 9.884056786530730221e-02 8.573323554655008782e-02 2.613278762560610965e-02 -2.521775063183110191e-02 1.709408324200268562e-03 1.396866288532262507e-04
1.308629980798731718e-01 1.083436043806832727e-01 6.692944971127497145e-02 8.795058365427696478e-02 9.745371652353324032e-02 8.255748895294691414e-02 3.026496588927849243e-02 -2.310697388550344081e-02 1.539185608578748365e-03 -3.373308102152017306e-04
3.632071683302826037e-01 6.442600985630615729e-02 8.230552024641669961e-02 8.678015729345804619e-02 9.049011983271713910e-02 8.506882254813341593e-02 2.952157843879812602e-02 -2.388744424285341172e-02 1.328257607886163937e-03 6.043533302712203985e-05
1.414458159294438300e+00 7.568309256209589109e-02 1.299166451591269589e-01 1.091737510174174003e-01 1.030186737499740740e-01 8.618564137693379701e-02 2.652737634387348706e-02 -2.575357705351705162e-02 1.436517609281471415e-03 -1.162559169595505168e-04
-8.158623404819003166e-01 6.590435180414245808e-01 1.995915946288662479e-01 1.870616123178404644e-01 1.228648098812577388e-01 8.953082362119786641e-02 2.580912868425262394e-02 -2.482702245960831389e-02 1.240441702635639454e-03 -2.003585912343158542e-04
-1.095461356450026180e+01 1.160375373568623691e-01 4.693753783689276760e-01 2.802882845991438998e-01 1.793398986073283519e-01 9.038912754373908121e-02 1.608588503780703297e-02 -2.507710335118637154e-02 1.720392739592305209e-03 -3.033270883358810815e-04
-4.165543180375991028e+01 -6.780508646236850900e+00 -7.549036044207689811e-01 4.856947360190262963e-01 1.711865144930910521e-01 5.628764392438952852e-02 -1.027066800536928504e-02 -2.320641794740778419e-02 2.213436637405838230e-03 -1.338054117229241430e-04
3.871690448712197252e+01 2.453969213927647530e+01 -1.283587777672651753e-01 -6.640885526898614444e-01 -1.640917508465086772e-02 -4.895546715225883305e-02 -3.261015088512859289e-02 -7.963048128370153397e-03 2.165036419227280885e-03 3.460246823099702602e-06
-4.794472898067884898e+02 -1.756418360884831031e+01 -4.491264459499524797e+00 -2.364490865748609394e-01 -3.585325435838684904e-02 1.879701367246735394e-02 4.934381506569440745e-03 3.347789769441184265e-03 -5.978278110660618537e-04 4.632115677871121475e-05
9.267004243517287705e+02 -2.220435434226695648e+01 1.468627339692790557e+01 4.269830702045431359e+00 2.505974501677757371e-01 -9.887202752061578781e-02 -1.041182161132097987e-02 2.832017047160985336e-04 9.193382300687235795e-05 -2.737885389851071850e-05
