1.105278796926905879e-03 3.173392707685152581e-01 3.350651223596080586e-01 2.623815518597555907e-01 2.153631695976610250e-01 9.158287959478754459e-02 5.135149238376886249e-03 3.500428206972756515e-03 1.273856746114506193e-05 7.773426277733043124e-08
3.155911214411136895e-02 2.456883574267789694e-01 2.097125040646531102e-01 2.760891438644120233e-01 2.051155277287190215e-01 8.118288696067610388e-02 6.953624358739669310e-03 2.939677999085642257e-03 1.036419738831856831e-05 4.526894391966352996e-07
3.764729516682816662e-02 1.458238672708595494e-02 1.020686818509959903e-01 2.027578265532839763e-01 1.552621967892493793e-01 8.138718464924918350e-02 6.431879847560733991e-03 3.129693798296984304e-03 7.652962177501561826e-06 1.455393381040242278e-08
1.996825358227572594e-02 1.318323954656083286e-03 3.486374162401697369e-02 1.000860384316310525e-01 1.264328643235889948e-01 7.257574327660271107e-02 4.908035369224013171e-03 3.612934319113275238e-03 8.912162635368555121e-06 5.376425583229329955e-08
2.919155943306413008e-04 4.333491038856289793e-03 5.374630030549724241e-03 3.557137582706890178e-02 6.063911865727463629e-02 5.097185109901509331e-02 4.077940146680047832e-03 3.216914528531406112e-03 6.590948500939588276e-06 1.590551643716640314e-07
2.010981910933713670e-03 5.327131630098453141e-06 1.326235431701403619e-03 4.733499788014215032e-03 1.511945354268757341e-02 1.667463702466073783e-02 1.040201286866563419e-03 2.915743457273958436e-03 1.227032023532117191e-05 3.605439384491450593e-07
1.382850303883192619e-03 7.940807363145041195e-04 1.459140577487022495e-04 7.071821828341886456e-04 9.494686965147308439e-04 8.869848072230044267e-04 1.492286236477533684e-04 1.697996240709015014e-03 1.807653653416076625e-05 6.745799810700581811e-08
7.152099008281467666e-05 6.074177983473078198e-04 2.431089532285797006e-07 8.036710065440979970e-05 5.755585022842189069e-07 5.814150666740715127e-05 2.395334810493406595e-04 7.542907909341948916e-05 1.193932624261257284e-05 3.951194038267101529e-11
8.950332284794941615e-04 2.424967814914107792e-05 2.070312158162028506e-05 7.284322330954897488e-07 1.987359956425950292e-07 6.646875748189793144e-07 5.290881764945352455e-07 2.232085530093227420e-06 3.448638557976018386e-07 4.726024681532059620e-09
2.519001443811357877e-04 2.616304794497832254e-06 1.451746591872340399e-05 1.609792919589725331e-05 6.500567518251560505e-07 1.249798058654374064e-06 1.700398193846014882e-07 1.442980884422100013e-09 1.380078764463267144e-09 6.738707293832131025e-10
