1.029487825377327359e-01 1.012101600878656804e-01 9.897147469902189965e-02 9.572847367399904550e-02 9.037813602804171953e-02 7.381923081368756134e-02 3.817863992613632074e-02 -1.837481819684484707e-02 -5.529112510752752507e-02 -9.691346259796238330e-03
8.384217879134525653e-02 9.528424617106857897e-02 9.807182817556671373e-02 9.543324862188726221e-02 9.054190187346981833e-02 7.433508072148616030e-02 3.847612927847299941e-02 -1.820926203770573473e-02 -5.528653307310386900e-02 -9.640322378356070213e-03
1.215244522043428532e-01 1.041811015909565596e-01 9.780846717665304946e-02 9.584066528277931929e-02 9.012222672991371253e-02 7.284577813941768565e-02 3.833258668216930898e-02 -1.824983456541860380e-02 -5.533365692740350311e-02 -9.641509880288466616e-03
1.841241516874722942e-02 1.211545789411472979e-01 1.009339573548116015e-01 9.371446662341617606e-02 8.736060285251033564e-02 7.175020567140474870e-02 3.721162132202794626e-02 -1.856016785950420286e-02 -5.531701003253196997e-02 -9.633060123354353355e-03
-4.472509933462413129e-02 8.816827592533534041e-02 9.099788331521317664e-02 8.945949849099311957e-02 8.201994504335950731e-02 6.697719326550573282e-02 3.453205338915560363e-02 -1.957131698865703651e-02 -5.530435229258795493e-02 -9.559365230804526756e-03
1.960345256464156360e+00 -9.355126544786252635e-03 4.478141742135360176e-02 7.172586534601148311e-02 6.710137224821491331e-02 5.586727443743889215e-02 2.695281989876998491e-02 -2.295645494196591960e-02 -5.535640871165992127e-02 -9.233926082262335772e-03
8.015732781453769107e+00 4.936070636228026554e-01 7.634738700532942013e-02 8.122075091078970188e-03 3.678994985145126601e-02 2.701927722285947173e-02 6.489710865908340787e-03 -3.230666496312886021e-02 -5.515783824596453416e-02 -8.212139960178641701e-03
5.981803385831190312e+00 -1.804743323720643666e-01 -7.166740114453142019e-02 -1.774963772472992751e-02 -2.610950071558639299e-02 -2.111567367457271166e-02 -3.068718620375761666e-02 -5.059146193656769569e-02 -5.196883307686209902e-02 -5.216701261336390699e-03
7.318467583954286759e+00 -9.537795709270153743e-01 -3.595983675666632462e-01 -9.241574456778987867e-02 -6.745973499093491088e-02 -5.632464097216745985e-02 -5.599165569527076586e-02 -5.358942933154602767e-02 -3.166562917395576715e-02 5.527251796676308209e-04
7.840330269605710001e+00 1.385007594661395558e+00 1.832655189948580524e-02 7.089422967892062243e-03 -1.550017925271924245e-02 -1.118963180518394405e-02 -9.633149813236499548e-03 -6.020158150222052092e-03 5.005622492424163881e-04 1.133388728797576255e-03
