6.273774497782443060e-03 1.303719933124080910e-01 1.632269997486774926e-01 2.238316934572740780e-01 4.005694044288294342e-01 4.379329060701937504e-01 5.407566015292957218e-01 6.319008564080798029e-01 7.363773710629171187e-01 6.938470003679095832e-01
2.660920291695493926e-03 3.082903434015933294e-02 9.979948223590633105e-02 2.279710391777496348e-01 3.396569797107217292e-01 4.592128121360166126e-01 5.364213905564296780e-01 6.316142091256927715e-01 7.372727658426645458e-01 6.939937310368319290e-01
1.846496299249138803e-04 4.293280067742326345e-02 1.108565143048023671e-01 2.345770127263545335e-01 3.651645884124518626e-01 4.474823033033071273e-01 5.354598001541549523e-01 6.318871009090559765e-01 7.380244868391131474e-01 6.936515595625742936e-01
1.200022813078356620e-03 2.015079974507331603e-02 8.062681972274494957e-02 2.038775987072591611e-01 3.350880861603920402e-01 4.504261538563769096e-01 5.348535036282147104e-01 6.304276405982960352e-01 7.374533225028796490e-01 6.937986114541278004e-01
1.716577759882827615e-03 3.018030615592098842e-02 4.025177985848503448e-02 1.478717414350205483e-01 3.093114871863898996e-01 4.334676668571560421e-01 5.345255423403266759e-01 6.319625640135251299e-01 7.374892714433581853e-01 6.935457933496774752e-01
2.448165051631656392e-03 1.160638012343324227e-02 2.623406260413400568e-02 8.498432637215841412e-02 2.262177169176325942e-01 3.921780247553394161e-01 5.257107772642121146e-01 6.314350284307456151e-01 7.380262957993066752e-01 6.929093470190135218e-01
2.083429577970731961e-03 3.790431383996549757e-03 1.486497219527724636e-02 6.305031726279655691e-02 1.757058094996629682e-01 3.282120815638335798e-01 4.962019875887563880e-01 6.261996614172937736e-01 7.384896576712689509e-01 6.901754240110965499e-01
8.033368474986543519e-04 5.043104278528082185e-03 1.243062485390513533e-02 5.689248845390122017e-02 1.471552679173994960e-01 2.915546543111593447e-01 4.543733331719161939e-01 6.050943528526276927e-01 7.367446721542442178e-01 6.758031210320230020e-01
2.124637819210997832e-04 4.940652196303179679e-03 1.309268770193969950e-02 5.522267815960588133e-02 1.449221154007894474e-01 2.915495063261523967e-01 4.482982252490125274e-01 5.864025380904772655e-01 7.266369971304754705e-01 5.751782167750050245e-01
1.591627635420514572e-03 6.955830300995204107e-03 1.712773116462884201e-02 6.834242670761718486e-02 1.690194031515524498e-01 3.198093238134679939e-01 4.762225470475835443e-01 6.101587234700293072e-01 7.006620876198764725e-01 8.112464841525150738e-02
