6.901111123497334458e-03 1.825194758439468165e-03 7.284358344302136606e-03 8.906390146426005142e-03 1.137622079137985166e-02 4.161889192261465642e-03 -1.080255457783577816e-02 -1.508969170831451351e-02 -7.990303496843524905e-04 -1.652564950944013938e-04
-3.279050905951046146e-02 1.104088473895604647e-02 7.375049429327806653e-03 8.554164547369340343e-03 8.610962731968234071e-03 5.105662529229606714e-03 -1.129650686334105619e-02 -1.479197009537425861e-02 -5.518789938777957137e-04 4.148738371615579685e-04
-6.232530308337694974e-02 -4.484370207659788346e-03 7.161478127515617624e-03 1.249278859710685821e-02 9.119979875772669942e-03 2.131973658647100950e-03 -1.100504851493401375e-02 -1.493427730604441131e-02 -3.597351480965792409e-04 -2.199880432496511293e-04
-2.495071503831154947e-01 2.095828479380076187e-02 1.387331226193430633e-02 1.192003877615086145e-02 1.053648583830513012e-02 3.789205297122114156e-03 -1.140333770622029876e-02 -1.490830856768842611e-02 -5.880417442000614690e-04 -1.374570010073141411e-04
-1.253945452025702290e+00 1.757943062623286978e-01 7.075657982045674421e-02 2.252034488696071091e-02 1.294214583577129631e-02 2.774066969051197738e-03 -1.254512022475056700e-02 -1.506922248309902797e-02 -3.726485834110442475e-04 -6.026019107107256765e-05
2.553025875948588208e+00 1.712942257271797608e+00 1.034964066510323799e-01 2.978973284668437124e-02 9.569132907089937176e-03 -2.774998519963409443e-03 -1.512415613121007897e-02 -1.440342233105436527e-02 -2.077265806579559450e-04 -1.497170383332367414e-05
4.864006309244961557e+01 -4.534097638976839484e-01 -2.651685052579225710e-01 2.919101763104823763e-02 -8.644249033366269500e-03 -1.136191063779127750e-02 -1.842204464256359808e-02 -1.171030624144736056e-02 5.227612348797744483e-05 -2.337648617866935273e-05
4.229019587318169471e+01 -5.440907962116032337e+00 1.260003199180169675e-01 3.613872170571264669e-02 -2.389990399858139478e-02 -1.587545079453222402e-02 -1.315699755547300974e-02 -4.069301061411448837e-03 3.262308851586801840e-04 -2.987888228756665926e-05
-5.436423498952958511e+01 8.274766486645427577e+00 -7.918102326311218242e-01 -7.632422120570954427e-02 6.506638682335688650e-02 -4.375893377575219845e-03 1.300911389411267636e-04 3.160591659866094304e-04 6.199720981215352765e-05 2.289015246043479954e-05
-3.835700147207565465e+02 3.710966393189115564e+01 7.509700664432212847e+00 8.412489931158811940e-01 3.122047720178667413e-02 -9.959929249298666090e-03 4.744186849811175485e-03 -3.426301232113644689e-04 -8.751252710076268021e-05 -2.530840557047119458e-05
