4.222441365342571168e-02 2.937657133541556921e-03 3.368212166168556287e-02 3.080308352150758558e-02 2.728992934441061904e-02 1.550367541355927511e-03 4.127467534793956630e-03 4.383145152752732955e-03 1.095150527923068124e-05 2.683550858723790984e-07
6.447975850410320175e-02 2.401824836402147514e-02 2.254856795334731281e-02 2.248496718200258468e-02 1.497147319755648583e-02 2.386006481339257492e-03 4.601463507801755587e-03 4.266920998716759034e-03 5.185314438002536229e-06 1.688034143836517936e-06
4.278110935170815685e-03 4.960552311410394884e-04 7.173870373637062856e-03 3.379159120061379917e-02 1.465481005016135846e-02 3.844587067948169123e-04 4.309937001029630170e-03 4.348891663023069301e-03 2.217310921588930202e-06 4.760938387027847941e-07
2.937879724889671303e-03 5.188799339677551076e-04 2.742013438842227490e-03 9.402600452645584750e-03 1.194087990498612223e-02 1.040528860201221217e-03 4.418067196191173898e-03 4.251245037901966138e-03 5.900301918050913076e-06 1.854210199672311238e-07
8.907331158753398551e-03 2.539608839737051652e-03 4.983660285194257966e-03 3.847233697357812805e-03 5.277374210383352707e-03 3.437400197901056831e-04 4.648255990372465035e-03 4.224688227362022319e-03 2.357533591070779203e-06 3.547081659667147639e-08
1.250578626116602161e-03 9.157785093572014604e-03 5.001858644213170741e-04 4.041672999892275591e-04 3.228471135990048984e-04 1.071217035479014352e-04 4.470223721688408418e-03 3.484272356927060020e-03 7.094826838006826849e-07 2.162023287018023321e-09
1.259298143734286467e-02 3.255815008854559810e-05 1.321176165766786389e-04 1.911535609027395898e-05 1.772627984361836015e-05 2.464094986914087569e-04 2.510978726629429884e-03 1.707623475992835118e-03 4.064398725198386028e-08 5.026189920121273411e-09
7.185254545887803787e-04 2.314646378307007096e-04 1.804448673862598546e-06 1.850022343739536334e-06 9.358870097806505525e-06 4.573801628802243245e-05 2.485043554343918030e-04 9.624604790335280656e-05 1.132257477870037047e-06 6.962330072153379010e-09
6.419088727602048530e-05 3.181968932257027812e-05 4.379626640851728511e-06 5.004421722054765254e-07 4.370439118436702588e-06 2.407263671712226965e-07 2.336509392994019313e-09 1.058868959305061021e-07 1.456648137445014695e-08 2.416300498302886539e-09
1.310447884424400806e-04 2.597275455423368184e-05 1.490375857426200360e-05 2.349873105640226357e-06 3.849278089695069193e-08 4.893249838649219130e-08 1.347098196956479881e-07 7.247772758671216212e-09 3.182678342442836054e-09 8.203339754582334763e-10
