1.075444988686160555e-03 3.172338591663552143e-01 3.350977874243421528e-01 2.624277547954067535e-01 2.154036366183603168e-01 9.158205782293607489e-02 5.134788579169285820e-03 3.500737090885754511e-03 1.273488278214052472e-05 7.738155196830656867e-08
3.158332533398424541e-02 2.456040870708287860e-01 2.096779687796712366e-01 2.760843700245224075e-01 2.051166291143964038e-01 8.119682186185550599e-02 6.954562809970644445e-03 2.939630274096397423e-03 1.034013104413916398e-05 4.535582338453674576e-07
3.765800676175402179e-02 1.460321935655785504e-02 1.020665205955016835e-01 2.027431370830168889e-01 1.552364186084415065e-01 8.139173541157632141e-02 6.432038048813155939e-03 3.129896463156400452e-03 7.632198487519817001e-06 1.446551863674140805e-08
2.002383583639453721e-02 1.315933883634578302e-03 3.486580494813221881e-02 1.001114172436350647e-01 1.264434719492766312e-01 7.256749553104087369e-02 4.909485871197598328e-03 3.612468069260793037e-03 8.918164533284152871e-06 5.477907155768510595e-08
2.938217467803214372e-04 4.346410500468199205e-03 5.375038013676184702e-03 3.558153846392234781e-02 6.063299760726643256e-02 5.097721558229604405e-02 4.077900839357361147e-03 3.216901057448247857e-03 6.587442369819888594e-06 1.575874458250834315e-07
2.013574444077506718e-03 5.445906666442766213e-06 1.327113407415630520e-03 4.733724071656975410e-03 1.512111304310434327e-02 1.667383551264396691e-02 1.040300496474914210e-03 2.915952567033226663e-03 1.227363432273684274e-05 3.607148225097381549e-07
1.384441259143913286e-03 7.951106452988515941e-04 1.460403886080718873e-04 7.072867065556401713e-04 9.496796729724816004e-04 8.870642666876522300e-04 1.493612333337448583e-04 1.697829518823198254e-03 1.807484664304572712e-05 6.747567551898183857e-08
7.151563922659157622e-05 6.068315903009134605e-04 2.485917417528942286e-07 8.049478955446735774e-05 5.659338022982765778e-07 5.816747266035352480e-05 2.394980841744368059e-04 7.545187602553701616e-05 1.194057061971837109e-05 4.007246385809726706e-11
8.954456889147908039e-04 2.362500803800911969e-05 2.096793046033020434e-05 7.422622622062873341e-07 2.018045494085223804e-07 6.641800027981546095e-07 5.324558412901190472e-07 2.231888555622230253e-06 3.448585538221008742e-07 4.734534732826189912e-09
2.493600374583345683e-04 2.616871964475604590e-06 1.446179142345360826e-05 1.609896728342401321e-05 6.435296768845566477e-07 1.252751374271458706e-06 1.709900356389480466e-07 1.442484006591299582e-09 1.383094984722465193e-09 6.730544487396882204e-10
