2.890964605786981441e-04 9.873671449768044682e-05 2.199205870507559024e-04 5.980791636561619230e-05 -2.668063300214823844e-04 -7.679818306392433057e-04 -1.710043676210303422e-04 4.796591998021629133e-07 -2.958838477367974096e-09 3.774369668383014750e-12
5.307622295912345313e-04 2.195667454032738323e-04 6.486097800852900618e-05 9.683852674129691545e-07 -2.580836875379784157e-04 -7.945664815432146137e-04 -1.658048139937013006e-04 8.857471760882646185e-07 2.048963803526276635e-09 -2.609071030731226387e-12
3.688900624829425778e-03 -2.802362284908526541e-04 6.380564751368998134e-05 3.072797260551866455e-05 -2.986718974748096118e-04 -7.963286370594933839e-04 -1.668756670304817429e-04 6.459954403866105234e-07 -3.050650493146193782e-09 -3.110495785145810570e-12
-2.396472696950029558e-03 -1.599245454365822751e-04 -6.104029935049648352e-05 -1.282681790981797130e-04 -4.096030857087363066e-04 -7.884480675555815415e-04 -1.510080119464455976e-04 8.406432484250718563e-07 9.997218321736418679e-10 -1.746136552347169515e-12
1.091903226226551785e-03 -6.893670582993805971e-04 2.750464613857429546e-05 -5.091418455695142110e-04 -6.566255899295344580e-04 -7.892334888731097160e-04 -1.105118360483543528e-04 6.240328580746698201e-07 -7.259443507462319099e-10 -2.286659489939708712e-13
4.066621052283856536e-02 -2.575032089556569402e-04 -1.009478805588940459e-03 -8.073819408864235962e-04 -7.944750929789594915e-04 -5.174223902834005620e-04 -2.912404722532182578e-05 -2.735595819496422385e-08 2.884362835251701929e-10 4.264899829582710681e-13
-2.709437038066075595e-02 9.959653649340056720e-04 -3.516822268995246394e-04 -2.040329839562426972e-04 -1.379012800818016707e-04 -3.120925736184137068e-05 6.727409884151262319e-06 -1.782617622446258369e-07 1.570950497186380346e-10 5.802174822962205132e-14
-1.302901654156045060e-03 -1.787308020412909439e-05 -1.251498891362732144e-05 4.110025040374034316e-06 3.811431505467819775e-09 -1.749470885759868640e-07 -2.413524175335472778e-07 8.148664369571171466e-09 7.744434323858671481e-11 2.596954969670277000e-13
-1.301501477208543399e-05 -2.720185290590743245e-06 -8.224161818393070989e-08 7.040769147767729055e-08 -6.948704259844795023e-09 1.941996366843802495e-09 9.285688676637751445e-10 -5.065842126979772226e-11 8.477614727225621086e-13 -1.100473680205696862e-14
-8.720516873201145116e-08 -1.087245324378733368e-08 -2.027659278743147557e-09 -2.199126859715799993e-11 1.149633694464851040e-10 9.602016384999238178e-12 -1.164750511808742724e-12 -8.994237813298962417e-14 6.441823843202348028e-14 1.989672508802498336e-16
