9.318112972284497975e-02 1.672248055977213974e-02 5.680858840427174816e-02 2.982075575289590101e-03 3.796004456455335380e-02 1.991385583181910501e-01 4.808635642830992596e-02 3.419954554520018993e-05 3.580936780466790436e-06 1.000321006883402580e-06
2.201137439670537363e-02 2.188247837224576581e-02 3.376828591470558850e-03 6.971914267231204935e-07 3.410886383954903761e-02 2.163786290327701367e-01 4.630235975728744235e-02 1.182443594527676827e-04 1.701490001598954760e-06 4.804026502564136729e-07
5.193493205776957694e-02 3.468738923718812667e-03 9.880407389734281644e-04 4.738447340239121939e-04 4.052211568238683892e-02 2.145115690363512961e-01 4.743955980435290987e-02 6.408840459968796841e-05 3.827870851619871894e-06 6.826139768751482135e-07
7.810738593360737293e-04 8.988849227604579100e-05 1.371746286245579237e-04 2.781880069362208715e-03 5.289687028713987299e-02 2.068522881357580945e-01 4.173861173077413750e-02 1.130630937968634628e-04 4.161637089188137416e-07 2.169173251320249845e-07
2.276034863871377354e-05 1.841319993576807045e-04 3.192226430862159326e-06 9.176536038654013044e-03 6.770971976080551735e-02 2.036447574827802420e-01 2.789632733719610638e-02 7.201449144334696008e-05 2.341613908134695977e-07 3.792976529630001199e-09
8.793292413655253575e-03 4.990274485848350064e-06 1.163745489260208620e-03 8.346671357228030094e-03 6.451787750094738205e-02 1.299770690034934562e-01 3.749945486145378048e-03 2.189761297300005023e-07 4.635455075937545571e-08 1.446782639295626608e-08
6.042359885266196037e-03 2.045176506237144710e-04 3.147535847014385521e-04 1.338918867126499650e-03 6.722588207552671058e-03 2.663283942949918031e-03 1.046730536845529025e-03 3.388895423756298149e-05 2.888349505946952173e-08 3.647952263513321375e-10
6.819003441437973762e-04 2.747106302735582594e-06 1.826735297051086513e-05 2.475635579699142242e-05 2.455802416940298892e-10 4.041843433840582262e-06 4.829339105363643982e-05 1.336491804785677856e-06 4.972899723437887753e-08 1.882421624407210341e-08
7.372220439752707143e-05 6.249308091021816788e-05 8.295532843632487176e-07 7.621260488802068220e-06 8.654261264429025336e-07 5.808848464865553130e-07 6.074160604151094833e-07 1.693239354888022036e-08 4.742105823372479947e-10 5.536505200541478491e-10
9.926811254700501261e-05 3.348052603011569079e-05 1.754058687417828758e-05 2.526873652303572261e-08 8.145968213293675866e-06 6.132829261561988273e-07 4.780899086470316455e-08 1.065288053654826138e-09 1.143845187968512050e-08 1.990238135460198532e-10
