6.059107043704899942e-01 7.990077504186982038e-01 8.309474005360969473e-01 6.839646454345890136e-01 4.926150235536444488e-01 1.563584546156890631e-01 2.522239160421853310e-02 1.248850233057062636e-01 8.876519316008612756e-04 3.690043251217093394e-06
1.904414724458585728e-01 6.862804979182164367e-01 6.945647740283752425e-01 6.471535554783095501e-01 4.940932145959627264e-01 1.555765317979020956e-01 2.660875876856955841e-02 1.256873137073828417e-01 8.542823376739426718e-04 6.770995890040071615e-06
1.184634579572022006e-01 8.565070558754087071e-02 4.176373181771172449e-01 5.601621154511420286e-01 4.250534799581743850e-01 1.494240869777273828e-01 2.630662984801757087e-02 1.226403470577934057e-01 9.763711351533693652e-04 1.189518181980624435e-06
5.727851167199060969e-03 1.300023756868993454e-03 8.402396770401679427e-02 2.452854283975456351e-01 3.124649896232058466e-01 1.189059040550637658e-01 2.905867660375690067e-02 1.245516213829956365e-01 8.993579146133679402e-04 2.859518659506338857e-06
3.104862087379237426e-02 1.684644329022012062e-04 1.829870682166147289e-03 3.162647333450562676e-02 1.033298500079617155e-01 5.456552597421338024e-02 3.573932753375586024e-02 1.216783313761788526e-01 7.682021911494846429e-04 2.012160053904718664e-06
4.297202034841482096e-03 1.534058275661809821e-03 5.696110014946818519e-05 4.465747240950686107e-04 5.337155440864882472e-03 1.878095028210855942e-03 5.292001871459859480e-02 1.144783545742561609e-01 4.381441264131426066e-04 1.744128171215969232e-06
9.040313688960697428e-04 7.996001747582903870e-05 6.773705401950811051e-06 2.174379183829526924e-05 1.529149572727037663e-04 5.186762517734770997e-03 6.680675309606524948e-02 8.549506338478234102e-02 4.526278020238270864e-06 1.853444696541217254e-06
7.307172662729085385e-05 1.543323534131198942e-04 9.025234177854599192e-05 1.734525258095569384e-05 4.307570896499532420e-04 4.752312958434102771e-03 2.832432813984202616e-02 1.863248030068454658e-02 3.690265539483560987e-04 2.027413240800835633e-07
5.937830518328166473e-04 7.934539792766001393e-05 2.429523313241505232e-05 4.564922666251257043e-06 9.764220653098935195e-09 4.108002339394732183e-06 1.847717761364470980e-07 9.694375779879293770e-05 9.441543252835376215e-07 1.241245049809822764e-08
4.802501425578214499e-07 7.671263120552405010e-06 3.140020757445892777e-05 7.691032730377935373e-08 6.348840686024982058e-07 1.625473403353581303e-09 4.463431226857632154e-08 7.213368244232556530e-09 1.754749131644068013e-10 1.344890466503250235e-11
