5.932867689811748280e-01 8.017512149925098974e-01 8.581039867190031201e-01 6.912432705752696860e-01 5.164833150359506853e-01 1.323800861648951945e-06 9.177557060042773128e-09 7.373959949470475262e-07 9.339709717341311514e-08 3.312623892372226677e-04
1.579591141858767700e-01 7.002778296472226272e-01 7.114202039762433927e-01 6.720735418529183436e-01 5.050970125241789344e-01 1.268725361139904656e-06 9.031531488712937526e-09 7.271754298590912216e-07 9.514544984970807269e-08 3.378121719856338480e-04
5.855841857589342420e-02 1.263745923040805463e-01 4.096856009126703113e-01 5.492041110623798739e-01 4.324577578567769254e-01 1.313285523543469350e-06 7.507779038141032511e-09 7.198776407451154815e-07 9.393387830374218346e-08 3.271877569929735642e-04
3.760107538892589352e-04 2.832396813996750258e-03 8.803280092545763547e-02 2.628114100308837076e-01 3.237047725310598367e-01 1.006226580424882592e-06 1.102036124818782819e-08 7.266565040623218724e-07 9.313651738730080277e-08 3.269301079908352027e-04
4.190084986353552476e-02 4.685340729849550448e-04 3.290788081941194501e-03 3.336397295980179228e-02 1.096672018155967487e-01 5.092070429072546158e-07 1.806488095861291314e-08 7.023921367176373331e-07 9.023389666958405043e-08 3.249702457503940477e-04
1.036290311738562522e-03 2.592049240332636628e-04 4.814951532675985236e-06 8.758079275254404984e-04 6.526674716406212669e-03 5.836801780429797685e-08 3.795427039779157046e-08 6.295390258880193575e-07 8.040747892356658286e-08 3.145971163178328716e-04
3.397580595079965644e-03 4.348579443333173544e-04 8.123518118217342825e-06 1.813499342455147900e-09 3.533404649437794557e-05 1.200758790617287838e-08 4.905624917813294387e-08 4.140579278185651104e-07 5.313343319359874951e-08 2.981864023589655163e-04
1.945950420156097036e-04 9.353623957583583970e-04 9.418975034668439239e-05 4.906519962959136639e-05 2.715700696145141352e-04 9.534112912692407349e-09 1.192968204286864302e-08 9.019329331558823343e-08 1.196319442404934002e-08 2.280629768805848736e-04
7.103036770861644988e-04 5.670249420477872757e-06 1.125185849373405846e-04 1.487130734691408343e-07 1.329835438958549125e-05 1.300180286992901206e-10 1.246648414694705785e-10 8.426279951374468914e-10 2.720303630585958778e-11 5.566035029009107446e-05
1.780957673004317644e-04 2.373105649476947620e-04 4.737636849809211565e-06 1.323996086442491301e-05 1.058834602527246647e-07 1.188509183461765427e-13 5.372839297084909756e-15 5.048026216422240007e-14 7.115245073961746143e-14 3.352683061046654350e-04
