6.451231325871205867e-04 8.756993871760517098e-04 9.079567028086875683e-04 6.834656182676653252e-04 5.251687066278509699e-04 -2.544735521720584712e-04 -8.909415503545694464e-04 -5.845507268547369675e-05 -3.356434215296450185e-07 8.711033778569526004e-11
7.886673623561070911e-04 8.742173403650774265e-04 6.364678113189916340e-04 7.335257412104752208e-04 5.297654046596127512e-04 -2.622087833959537329e-04 -8.786055379285125739e-04 -5.825093009927395242e-05 -3.560064296309365645e-07 8.232567675732031132e-11
2.157710467609778339e-03 7.215465067501280723e-04 7.037220109679366781e-04 7.366213646211191256e-04 4.533359418432574874e-04 -2.699809393870051004e-04 -8.757357810247266535e-04 -5.587472715566072472e-05 -4.518507623629790529e-07 -3.168350142273873416e-10
1.776201217623856474e-03 5.577720910336351643e-04 8.238352445000696883e-04 6.560435082297416372e-04 3.999115108434668931e-04 -3.186674441964761680e-04 -8.734076411199267684e-04 -5.408992016523512158e-05 -3.292982211213615797e-07 -1.379399192721673686e-10
-3.625949859827506949e-02 -1.802965466354032771e-03 7.289030693080478913e-05 3.389768006985389407e-04 1.944894061199375934e-04 -4.967026968333560074e-04 -8.510649041224558394e-04 -4.508470187511398841e-05 -3.598128503196516583e-07 1.848535672121357779e-10
-4.892433224772933797e-02 -6.927403707870284470e-03 -7.317486549759670729e-04 -4.320959741294133258e-04 -4.305637639728014340e-04 -8.862698187680640577e-04 -7.489361751977952498e-04 -2.249029672396770266e-05 -3.124449240634917685e-07 1.143142188964843077e-10
3.795662874650820168e-02 3.418837781834107529e-03 -8.486724120828595570e-04 -7.720645002540499216e-04 -9.191271293362890176e-04 -7.806262317667771872e-04 -3.228219140703568316e-04 7.377050036833081127e-06 -1.798970345820664337e-07 -4.242497896916538123e-11
-3.422206703698847576e-03 -2.023271041991101232e-03 -5.402532262498407949e-05 -2.326584830426057187e-05 -7.564758545889469139e-05 -3.011331220698348633e-05 8.603290726383461867e-06 1.775202150683537091e-06 1.752855633089016017e-08 -1.807751574602599439e-11
5.040355305931828317e-03 1.604483699729678360e-04 1.185367540345759127e-05 -6.186428314791944228e-06 -6.658919214676257898e-07 -4.226660417161178618e-07 -2.093472897060052087e-07 1.672091557578639278e-08 -5.900259851017391628e-10 4.614235652255774693e-12
-7.503989666463644721e-06 2.772109351196390982e-07 5.588287109138070701e-08 -5.611353081217348611e-09 5.794477530459885941e-09 -7.466612123715798564e-10 -2.892450398022666516e-10 -4.577379955752059531e-11 7.882115560244198301e-12 1.771185940373338405e-13
