3.931857529642555048e-03 4.655113628435589811e-03 4.375627674261408848e-03 4.177393491471171651e-03 3.797318484686475031e-03 2.315337607103526516e-03 -1.112748166524611367e-03 -2.726630858112632887e-03 -9.341725758334284253e-05 -2.596331259749780036e-06
5.733069781776578729e-03 4.431522856906641369e-03 4.119222303725971965e-03 4.108087255456621852e-03 3.803156383256538296e-03 2.367846660228096426e-03 -1.140332489632141016e-03 -2.734221527887647878e-03 -9.156699927069308497e-05 -3.517392685746924266e-06
1.361490499559205730e-02 3.336564038606713075e-03 4.190712695187196087e-03 4.203540966711050153e-03 3.663834857085150609e-03 2.351386206677303324e-03 -1.150472584551992137e-03 -2.700441028658890838e-03 -9.791869909597164382e-05 -1.473442669676527794e-06
1.391085389993026999e-02 1.736826288964246319e-03 4.387044310614086201e-03 3.881465765940253672e-03 3.643484763046834270e-03 2.198094243068285381e-03 -1.225539885298750640e-03 -2.720903697526059258e-03 -9.377451883731080203e-05 -2.285187574099341908e-06
-1.556605720972808471e-01 -2.409045427154024241e-03 2.347303248906034909e-03 3.618999163368754202e-03 3.203672625439795297e-03 1.759646808852971056e-03 -1.437222323167448032e-03 -2.689375884055542672e-03 -8.626501225358118087e-05 -1.918560360567963468e-06
-2.705706174252323071e-01 -3.366290841908343295e-02 1.764685981766801748e-03 1.533280229739059737e-03 1.888344255760871816e-03 5.243603863087236989e-04 -2.036662567598759507e-03 -2.599243895164565082e-03 -6.368401578547806330e-05 -1.788174491125306656e-06
-4.320886491330316881e-01 -2.779345936652434165e-02 2.251428843158812931e-03 1.143721368406092195e-03 -9.285051585161336381e-04 -1.844123179588029590e-03 -3.063871201281009784e-03 -2.156031199792845555e-03 -6.094951717892318043e-06 -1.854772438363875806e-06
2.457662239524082137e-01 7.568886024464868689e-02 -1.486191677615090675e-02 -1.859297836450092773e-03 -2.749937625051387426e-03 -2.717835600680405632e-03 -2.245879486169294163e-03 -7.915284836550312824e-04 4.892659983366698829e-05 -6.304261091344655092e-07
1.165001693752659495e+00 8.639107047395107319e-02 1.185198273014957844e-02 1.482450609418754350e-03 -1.962042634912634426e-05 -1.132076387479804950e-04 -6.999689666255015865e-06 5.638930043671051508e-05 2.707864661236397548e-06 1.785662451019855207e-07
1.276324569434506007e-01 -1.088876111378988126e-01 -5.604115401458914514e-02 -7.818263118603222938e-04 6.453716156562775298e-04 -9.032915325190296068e-06 -1.299705122587495458e-05 -1.500174854463062216e-06 7.906900591247154607e-08 8.749274402444746442e-09
