1.679050573447820553e-03 2.302806484573517720e-03 2.253685158011422586e-03 1.938829550278385778e-03 1.660575170275833219e-03 3.699117005654987359e-04 -1.896469462729823661e-03 -8.492183508661286856e-04 1.935633736713428203e-05 8.279064222008295771e-08
2.612409606774815287e-03 2.156691855095390839e-03 1.834396942943628201e-03 1.926536368951847333e-03 1.677271127246280713e-03 3.829901954290347078e-04 -1.887418548165644035e-03 -8.496586112388252766e-04 1.749116126147729831e-05 -4.997006354446029702e-07
4.322903211169858845e-03 1.464881121877066724e-03 2.020510300275684193e-03 1.968640538117746776e-03 1.521766190209723106e-03 3.764765507901082840e-04 -1.871918201428514469e-03 -8.258954413795352358e-04 1.647320009087424155e-05 1.002125834400813360e-07
8.205065360673046218e-03 1.830924544300008977e-03 2.138283787842413207e-03 1.808766739562482498e-03 1.482928563551731433e-03 2.629797768081967510e-04 -1.909859024497529301e-03 -8.334146102710411532e-04 1.819884578983652478e-05 9.240785577799646271e-09
-9.975879031036476163e-02 -1.853995668198787526e-03 1.141892804696420212e-03 1.404690347921693080e-03 1.178008955363780193e-03 -9.017474555081407257e-05 -1.994421662507515122e-03 -7.841095994100630989e-04 1.594298865331832165e-05 3.720806466140282998e-08
-3.141661973920883977e-02 -1.763463079910934650e-02 4.059902304873707333e-04 1.223500177969706496e-04 7.861374652854904191e-06 -1.037683474181672191e-03 -2.173175651067712610e-03 -6.544302547042730881e-04 1.457850730207035526e-05 3.265503954419456732e-08
-1.202672367842537032e-01 -2.841246851735960369e-03 -8.413769962427011979e-04 -1.104738103295750500e-03 -1.928924631037281937e-03 -2.142780024563014328e-03 -1.919648637065211058e-03 -3.093889013986180327e-04 8.978321560358557032e-06 -1.295219429750732581e-08
1.264920556921134420e-01 -1.277656949761430023e-02 -2.611232080292524588e-03 -3.600161572115027713e-04 -9.349590950578296270e-04 -7.613689491466919118e-04 -3.579701378410390824e-04 2.835394747590366734e-05 -8.226776033414094861e-07 -2.155291864907821892e-08
7.841634200967320112e-01 1.299911312499362447e-02 6.668274534329198368e-04 6.096433917796485356e-04 -4.489554196011102190e-05 3.409256586541536851e-05 1.078447434954653685e-05 -1.754704590298238643e-06 -5.667740789747760326e-08 -9.644865240938632345e-09
-9.105282253232745981e-01 -1.245507894887110285e-02 5.575748977255699269e-03 -1.765516197071449831e-03 -2.738123526004745682e-05 -4.110178024489276170e-05 1.575819751876924298e-06 -2.155091379498888942e-07 4.386746264683341471e-08 -3.075217196540191762e-09
