1.083621498471439182e+00 -6.910946354312210715e-01 -1.592926283444574542e+00 2.647051024912923378e-03 8.865814606720030522e-01 9.029775968315334467e-01 1.019591287765119425e+00 5.782481975196901436e-01 -2.928431522767778183e-01 -1.402716577108187590e-01
-6.905007624702571789e+00 -2.434455336444854456e+00 -2.181669853881869514e+00 -4.538278011828521530e-01 4.402955252420249210e-01 5.554868772221160933e-01 5.752174371002924946e-01 2.020163458872216711e-01 -3.442055820919101006e-01 -4.202436174984174738e-02
6.963314945095033792e+00 -1.131317402075060308e+01 -4.662535293822973159e+00 -1.319656448520481584e+00 -8.408059418158572718e-02 1.157351227028619312e-01 2.046417942308422777e-01 -5.881544531278053156e-02 -2.980383271606170115e-01 2.443577189432927579e-02
-9.817396993532295824e+01 -3.004413413047896242e+01 -1.151292879633218291e+01 -2.991910204366285075e+00 -3.628659083617200576e-01 -1.614665304626818620e-01 9.266378176037520092e-03 -1.275605127362065550e-01 -2.135324013432194079e-01 3.272692194893547096e-02
-3.116017077888814697e+02 -1.022401540279814185e+02 -3.121850733729572980e+01 -7.223480402831271796e+00 -1.101861460063038090e+00 -3.614063098995611845e-01 -4.230441001826275998e-02 -1.114693989241330868e-01 -1.722843387399064508e-01 2.476427097512608894e-02
-6.366877439770446472e+02 -4.614330395143238661e+02 -1.117303944860601632e+02 -1.903764966886691212e+01 -2.250521975421051035e+00 -5.065250880581011472e-01 1.214315417192362787e-02 -4.546644685014020193e-02 -1.264701568849353197e-01 2.537006658377573623e-02
-4.000306053898812479e+03 -1.430505808915457692e+03 -3.616302497206296493e+02 -6.223594756346329149e+01 -4.891785330275431498e+00 -4.019916191502419522e-01 2.176962063435867178e-01 4.464586715831748293e-02 -6.642878864674611750e-02 2.280140814793973209e-02
-1.355218577147644464e+04 -5.028423845431341761e+03 -1.091995359067286472e+03 -1.521008667436038593e+02 -2.516634998385611333e+00 1.297022348221359644e+00 7.323826832909766660e-01 1.427969268420329896e-01 -9.647704695272979816e-03 1.404296721914577960e-02
-2.335887035354980253e+04 -1.116662775672314820e+04 -1.953283438688281421e+03 -1.146198799762125731e+02 4.174567220214204610e+01 6.607085010601565500e+00 8.633608659524782958e-01 2.327912135025736184e-01 4.849463626441023745e-02 5.723423820440851593e-03
-2.812354937019534191e+04 -4.183007350056407631e+03 1.297837918510254894e+03 4.855942370782027524e+02 -2.647137380230341464e+01 -9.939401322300604136e+00 -3.626144166362348792e-02 -1.517720338176738746e-03 1.743999369410080633e-03 -2.750476781638372587e-04
