-2.281001377689509724e+00 -4.367392370026782267e+00
-2.125852399356054079e+00 -4.429440394449851048e+00
-1.970703421022597546e+00 -4.617743518332259711e+00
-1.815554442689141901e+00 -4.504469007690580895e+00
-1.660405464355686256e+00 -4.664451781170115829e+00
-1.505256486022230611e+00 -4.726012021360549653e+00
-1.350107507688774078e+00 -4.876930742139808039e+00
-1.194958529355318433e+00 -4.992906028404355823e+00
-1.039809551021862788e+00 -5.188333704022517701e+00
-8.846605726884071430e-01 -5.382890096481911968e+00
-7.295115943549506099e-01 -5.591160626078154117e+00
-5.743626160214949650e-01 -5.775735700540496786e+00
-4.192136376880384319e-01 -5.924633373424821770e+00
-2.640646593545827869e-01 -6.019302913804453148e+00
-1.089156810211271420e-01 -6.023515860641313502e+00
4.623329731232850293e-02 -5.833928201041434392e+00
2.013822756457841479e-01 -1.634472080348298606e+00
3.565312539792406810e-01 3.282040973617407431e+00
5.116802323126963259e-01 7.406920389487286371e+00
6.668292106461524149e-01 -3.482101260709001278e-01
