5.235987755982988989e-03 6.179738842481431493e+04
7.484238188881392126e-03 5.357005566426352016e+04
1.069785184350471353e-02 3.472313859300199692e+04
1.529134043804156184e-02 4.507061502435101283e+04
2.185720047469659824e-02 3.118248419741844918e+04
3.124233709443613449e-02 2.706141308612179637e+04
4.465730312774335992e-02 1.911752866098570667e+04
6.383244366818857651e-02 1.463714798559558585e+04
9.124108665937630258e-02 9.333161654632041973e+03
1.304185679943287990e-01 5.963104162752870252e+03
1.864182409531121853e-01 3.691491442715295761e+03
2.664632888896900642e-01 2.413386013800468390e+03
3.808784159902523503e-01 1.712888598851120605e+03
5.444215913258451112e-01 1.377398413073533447e+03
7.781876227645070365e-01 1.364101327146300719e+03
1.112329095451741079e+00 2.110737816087789724e+03
1.589945638293593699e+00 3.341107211324475333e+07
2.272643180031339583e+00 2.756788609646421875e+12
3.248480262058630164e+00 3.675216110289096800e+16
4.643326372439600114e+00 6.458807873515769243e+08
