5.235987755982988122e-03 1.656950746731842810e+04 6.000000000000000000e+00
8.070481666626803247e-03 1.324014150691637406e+04 2.000000000000000000e+01
1.206734076948651029e-02 9.550684389113426732e+03 5.400000000000000000e+01
1.641041896305261982e-02 1.244386460517755404e+04 9.800000000000000000e+01
2.200703049760666802e-02 8.570147592786866880e+03 2.820000000000000000e+02
3.025428654254766828e-02 7.555574474729040958e+03 7.280000000000000000e+02
4.107451355202171306e-02 5.728175338339741756e+03 1.756000000000000000e+03
5.594607751728550987e-02 4.390011441089790424e+03 4.552000000000000000e+03
7.637798568960654788e-02 3.381018898433777395e+03 1.159600000000000000e+04
1.042467798774103643e-01 2.137906109258185097e+03 2.940800000000000000e+04
1.424179414015231127e-01 1.462093392809876605e+03 7.541600000000000000e+04
1.945674956832360303e-01 9.382024067984424391e+02 1.916960000000000000e+05
2.657044302876567232e-01 6.224695397787260163e+02 4.881180000000000000e+05
3.629205627510553867e-01 4.239151989348640086e+02 1.244946000000000000e+06
4.957942552024388605e-01 2.955804146694733845e+02 3.175186000000000000e+06
6.772741278603208182e-01 2.075430222629774448e+02 8.090396000000000000e+06
9.251795503735104065e-01 1.406587742356732065e+02 2.062713800000000000e+07
1.263840216748953971e+00 8.640240085434722062e+01 5.257950800000000000e+07
1.726447070054064836e+00 4.411222917096665697e+01 1.340257160000000000e+08
2.358393818421633981e+00 1.798191758550234454e+01 3.416578370000000000e+08
