5.235987755982988989e-03 nan 6.000000000000000000e+00
8.070481666626801512e-03 nan 2.000000000000000000e+01
1.206734076948652416e-02 nan 5.400000000000000000e+01
1.641041896305261982e-02 nan 9.800000000000000000e+01
2.200703049760664026e-02 nan 2.820000000000000000e+02
3.025428654254760583e-02 nan 7.280000000000000000e+02
4.107451355202183796e-02 nan 1.756000000000000000e+03
5.594607751728526007e-02 nan 4.552000000000000000e+03
7.637798568960581236e-02 nan 1.159600000000000000e+04
1.042409708836135734e-01 nan 2.939600000000000000e+04
1.424179414015062373e-01 nan 7.541600000000000000e+04
1.945674956832026126e-01 nan 1.916960000000000000e+05
2.657044302876746533e-01 nan 4.881180000000000000e+05
3.629205627509766718e-01 nan 1.244946000000000000e+06
4.957942552028560268e-01 nan 3.175186000000000000e+06
6.772741278602396608e-01 nan 8.090396000000000000e+06
9.251795503763808881e-01 nan 2.062713800000000000e+07
1.263840216755810264e+00 nan 5.257950800000000000e+07
1.726447070051120081e+00 nan 1.340257160000000000e+08
2.358393818437632294e+00 nan 3.416578370000000000e+08
