5.235987755982988122e-03 4.291352420867358887e+04
7.404804896930613188e-03 3.719912368602705828e+04
1.095727412849456517e-02 2.411006809500817690e+04
1.449645719399471518e-02 3.009800929193764387e+04
2.009141465247541933e-02 2.567073151652114029e+04
2.801746957152736681e-02 1.958235358167681261e+04
3.869632588937114287e-02 1.540437756652730968e+04
5.373451634296613072e-02 1.193557369624707826e+04
7.458095782294132947e-02 8.977278745319197697e+03
1.036131022497179949e-01 5.607474452026446670e+03
1.440302429674614193e-01 3.732150574705209692e+03
1.999770249178104420e-01 2.340313664206051726e+03
2.776436103490267926e-01 1.526104174039515101e+03
3.855030144279465443e-01 1.023982352737801648e+03
5.353670089868965976e-01 7.027580075006295601e+02
7.434699341783462812e-01 4.823020668384788223e+02
1.032408680645337418e+00 3.118134452359919919e+02
1.433649674196288748e+00 1.755417156426206304e+02
1.990831115128980366e+00 7.785939528194026593e+01
2.720220344214181019e+00 2.928466112238652386e+01
