5.235987755982988295e-02 4.291485307278772234e+04
1.358977244399506845e-01 3.720142754462743324e+04
6.481623952366319941e-01 2.411329068958471908e+04
3.073392350502743398e+00 3.010537169337119849e+04
3.598952950330426859e+01 2.568228806319874639e+04
1.174738365740616928e+03 1.959969638270435098e+04
1.286626452464427566e+05 1.542999434116664270e+04
9.583745913307178020e+07 1.197422247872752814e+04
9.181472546409979248e+11 9.033437489978365193e+03
3.218425739490272000e+17 5.674781823596753384e+03
1.685577672585358761e+25 3.819281165926647645e+03
8.162008578389110112e+35 2.447290809162464939e+03
5.559327104996351843e+50 1.664001217071650899e+03
2.211317026893783547e+71 1.211488646189771089e+03
9.259033184465997961e+99 9.763827885805706046e+02
5.143949542949839896e+139 9.245318512485778228e+02
7.843906372381744004e+194 1.173925657766178801e+03
3.356737611897492411e+271 4.013894736461033517e+03
inf 1.376036481764757335e+08
inf 2.431833301006178000e+16
