7.965731114772182098e-01 -4.407757684406206522e+00
9.517220898106740767e-01 -4.558240447232584813e+00
1.106871068144129833e+00 -4.632169821074895388e+00
1.262020046477585922e+00 -4.550983244864528210e+00
1.417169024811041567e+00 -4.697285282269464624e+00
1.572318003144497656e+00 -4.808157480867508049e+00
1.727466981477953301e+00 -4.931439239257653817e+00
1.882615959811409390e+00 -5.071140008255076381e+00
2.037764938144865035e+00 -5.290292324123557322e+00
2.192913916478320679e+00 -5.489766493780208201e+00
2.348062894811776768e+00 -5.685759649452173825e+00
2.503211873145232857e+00 -5.855655230536984668e+00
2.658360851478688502e+00 -5.980544739800992993e+00
2.813509829812144147e+00 -6.036062129005505206e+00
2.968658808145600236e+00 -5.967161015848284400e+00
3.123807786479056325e+00 -5.517414040510486117e+00
3.278956764812511970e+00 -8.887778118622133849e-01
3.434105743145967615e+00 7.349971638597819101e+00
3.589254721479423704e+00 3.682230794357940429e+00
3.744403699812879793e+00 -5.546741637238108424e+00
