5.235987755982988989e-03 1.452312274647821688e+01 6.000000000000000000e+00
8.070481666626803247e-03 1.544421743154525828e+01 2.000000000000000000e+01
1.206734076948652243e-02 1.089784432643807222e+01 5.400000000000000000e+01
1.641041896305263023e-02 1.491044879751202501e+01 9.800000000000000000e+01
2.200703049760665067e-02 1.191749800004477855e+01 2.820000000000000000e+02
3.025428654254761970e-02 1.158795324295214613e+01 7.280000000000000000e+02
4.107451355202188653e-02 1.384284504479185252e+01 1.756000000000000000e+03
5.594607751728510048e-02 2.107002104132901721e+01 4.552000000000000000e+03
7.637798568960596501e-02 2.440183013432532633e+01 1.159600000000000000e+04
1.042467798774121684e-01 5.371470681928100532e+01 2.940800000000000000e+04
1.424179414015035172e-01 7.898160473724807673e+01 7.541600000000000000e+04
1.945674956832035007e-01 1.285655159415328797e+02 1.916960000000000000e+05
2.657044302876956365e-01 2.144012293893790968e+02 4.881180000000000000e+05
3.629205627509722309e-01 3.255062048712601950e+02 1.244946000000000000e+06
4.957942552027744809e-01 4.638215461369344439e+02 3.175186000000000000e+06
6.772741278602751880e-01 5.579354079484566000e+02 8.090396000000000000e+06
9.251795503761521822e-01 4.285795360754366925e+02 2.062713800000000000e+07
1.263840216755948820e+00 2.444342509815681694e+02 5.257950800000000000e+07
1.726447070050425081e+00 6.813026692666367978e+01 1.340257160000000000e+08
2.358393818436902212e+00 1.271625615621287153e+01 3.416578370000000000e+08
