1.400853085561899024e+04 1.184568842996869716e+04 8.923168043223222412e+03 4.719064082217894793e+03 2.640277232121933139e+03 1.138707922353176627e+03 5.048477593146811842e+02 2.506178895612738415e+02 1.236213036896966173e+02 4.610413534546815839e+01
1.224466645028856146e+04 9.328729339054652883e+03 7.396398859663009716e+03 4.464733129216403540e+03 2.592225881719170957e+03 1.140294831165687810e+03 5.106555240606099915e+02 2.532756080861466046e+02 1.232837617040670892e+02 4.609394799855218849e+01
7.654000761809172218e+03 6.828070477712722095e+03 6.392037562955220892e+03 4.345081326692084986e+03 2.433879319457631482e+03 1.104680240805245376e+03 5.070167447711374962e+02 2.534865479744718186e+02 1.234671946687728337e+02 4.620215611007998291e+01
4.096437373832420235e+03 4.915625467618306175e+03 4.347912855197688259e+03 3.574254250568587395e+03 2.165029988607237101e+03 1.070182286279544087e+03 4.997459721001168873e+02 2.511561064998152233e+02 1.234309530728819198e+02 4.609689756129510840e+01
3.214135527928670399e+03 2.906798413886342587e+03 2.491215970025360548e+03 2.176773827246122437e+03 1.630048529921454474e+03 9.267027809411988528e+02 4.776460232149898957e+02 2.484687206260277037e+02 1.231238943639312708e+02 4.600623573970583635e+01
1.477569405817985626e+03 1.171929370150395698e+03 1.220415528789490509e+03 1.113014132347791474e+03 9.596952422330122090e+02 6.976682759996483583e+02 4.260348303249622859e+02 2.397099213637352477e+02 1.213260138265377464e+02 4.578210551793005578e+01
5.284909517284896765e+02 5.557114026592896607e+02 5.261757633833090040e+02 5.040993845086254055e+02 4.871455054266898514e+02 4.342132859929686788e+02 3.321400929307043839e+02 2.169109749718018918e+02 1.162158486366953127e+02 4.481623795881959182e+01
2.494694115656777456e+02 2.688914145256352413e+02 2.610375681842483004e+02 2.574919699958513775e+02 2.554439689630399641e+02 2.466019922200498229e+02 2.190806712455218417e+02 1.703892663179204590e+02 1.020247553151058213e+02 4.173457672637825766e+01
1.247361277074064958e+02 1.290595436531121152e+02 1.272968874304825988e+02 1.270205376578543621e+02 1.277923128382652607e+02 1.259165320024923886e+02 1.198708120305965252e+02 1.040536233983534089e+02 7.175510212384406827e+01 3.368496907053714295e+01
5.085709564390499793e+01 5.201949352507780588e+01 5.138908201583114987e+01 5.105090449791402563e+01 5.094669075836092986e+01 5.066622830422914348e+01 4.944753130281073794e+01 4.576590999749973321e+01 3.633387343244591960e+01 2.231760104278749068e+01
