1.912124657532180971e-01 5.191934426208872494e-02 3.961458366049854657e-03 6.341206112545791319e-04 1.911480604067249036e-03 1.749384789834326266e-05 1.790327846199932205e-04 5.630300215297463643e-05 2.111939226886630321e-03 1.516738101447412901e-05
7.125535908664891449e-02 1.699580841839583994e-02 2.435501839332403565e-03 4.714424643356114088e-03 2.100649968762548486e-03 1.110453387751020489e-03 6.610101646788282609e-05 9.248254375519968770e-10 1.202986185488797355e-03 1.888084418561223140e-05
1.664895374252833501e-02 8.039724540414575765e-03 7.719157811585561596e-05 6.486972409182222531e-03 1.178655361212303066e-04 5.119585146007074768e-03 1.174671060431977960e-03 4.500657083664167068e-05 2.504997518954993688e-04 2.460531560179172241e-05
5.519469191655404158e-03 1.169534379927492096e-03 8.885778956446781576e-03 1.595140264449494000e-02 3.072752620648616043e-03 1.373694182550118902e-02 4.425926430694277283e-03 1.476092007713225704e-04 4.568383551851893715e-05 3.269286444716260607e-05
1.272098830873298484e-03 2.920375379381578681e-04 6.538567361893028035e-03 2.162645792166472541e-02 2.404899373487421818e-02 2.464513890708985161e-02 4.459897530323655643e-03 7.112423661301953397e-05 1.507480804255577074e-04 3.271928354777638024e-05
1.663233213338168276e-05 6.646139621635223892e-03 2.087130626773679026e-02 4.481132576198042228e-02 4.284390530390404933e-02 2.647554617663753357e-02 1.893040516342328887e-05 4.212835965336667949e-05 5.517853646106750634e-06 2.110627066450381450e-05
5.258339542361550495e-07 2.102759765885528660e-03 1.413805146359450871e-02 5.439136572506540063e-02 5.465515847658829196e-02 1.413719260930500904e-02 1.461448782757645334e-03 4.555142155842613967e-04 5.239807018469073681e-05 1.992259696617663925e-05
1.637023624527271081e-03 1.734754110202288944e-03 2.194516180991369289e-02 4.249865460923148153e-02 2.807463320218277561e-02 6.816676415498572859e-03 1.187531844682879277e-04 5.011688277408536222e-06 1.056181528334606028e-05 7.572750652718282960e-06
2.838686363167397983e-05 1.066245352412292010e-03 3.592907977137912035e-03 4.385316727405421701e-03 3.716323954928001799e-04 4.719200268604758977e-08 1.414180970422637581e-05 1.924361212101371338e-08 2.643975462479310274e-08 4.555521225221746835e-08
6.023868861475552934e-04 5.187456785572266103e-04 3.834998416430734946e-05 7.142956989062252463e-07 2.973615932644142280e-06 1.114865238340341459e-08 7.014041246147791652e-09 5.460874092098481242e-08 8.483290268341513768e-09 3.141839170693175909e-09
