1.771792654851403817e-02 1.669605672770107727e-02 1.524827322788468824e-02 1.577708743431308069e-02 1.387993398728305794e-02 1.024628035901722391e-02 5.794338296804653560e-04 -1.420809405315131245e-02 -1.382830139910623535e-02 1.552848603470937240e-04
2.679568682256364132e-02 1.466830051862212138e-02 1.529729208749077904e-02 1.608421606324330136e-02 1.379540207641236430e-02 9.928637733418873082e-03 1.817031064029039488e-04 -1.387560741479800658e-02 -1.362827964548406906e-02 2.420476204139235591e-04
2.251409953172277267e-02 1.545079069436296193e-02 1.866006634285276994e-02 1.468417674418493954e-02 1.414423554880799190e-02 9.978189474357643599e-03 4.394246021202852714e-04 -1.382375180875898731e-02 -1.364896619998533407e-02 2.485832786143389855e-04
-4.356357665596072987e-02 1.502074564650906184e-02 1.997159381370125844e-02 1.514671436529233493e-02 1.339931953133239283e-02 9.552816145038816459e-03 -1.234503023806165774e-04 -1.404878885151179292e-02 -1.358820039634118203e-02 2.761452576378502287e-04
3.131467115373583882e-02 4.468040657849582653e-02 1.230800960035850246e-02 1.344015819259219979e-02 1.317575978353802135e-02 8.521300222038204544e-03 -7.345368622304996068e-04 -1.422429196488453687e-02 -1.356621978281650348e-02 2.433350478011618600e-04
1.658326261670200379e-03 -1.325022631400731010e-01 1.978066965661440940e-02 8.442488504117939829e-03 7.797602132783446396e-03 4.778875001264696817e-03 -2.957650413383023594e-03 -1.463966841059878739e-02 -1.335628384961841733e-02 2.628564180525112337e-04
1.267299578695246787e+00 5.056498120720580580e-01 -9.265317831897285777e-03 -2.777239775890024895e-03 3.214361585188941790e-03 -2.500801925610554761e-03 -8.281882791518188625e-03 -1.626041167422436623e-02 -1.260573555066384945e-02 3.978807707379082613e-04
-1.503336421893606722e+00 9.041070968307898248e-01 6.784467062324855968e-02 1.392371255934773087e-02 -1.809878605156644768e-02 -1.624123777375324068e-02 -1.591151846400555223e-02 -1.774662740305137099e-02 -9.761805101381958519e-03 6.132930865218930551e-04
4.032472244833311947e+01 -3.570611698000898948e-01 -6.583095710135465628e-02 4.407676836843346657e-02 -2.414115885277318997e-03 -1.475283868386680249e-02 -1.345133262085078732e-02 -1.036238982452116104e-02 -2.176342292109722208e-03 3.369132096431981375e-04
-2.822033132829664126e+01 -1.936892783770870707e+00 4.674777065461961992e-03 -1.319891192796252555e-01 4.696050023438667030e-03 2.061506677577084126e-03 5.192039324210986472e-04 7.786858293389166494e-04 4.193080848303599312e-04 -4.400502777734074012e-04
