2.278987427537175481e-01 2.382518111631027335e-01 1.197564785822768652e-01 1.382374834834295130e-01 6.768646934326001674e-02 1.054398027847180778e-02 3.852070790592529350e-03 1.475775000933907989e-02 4.267529791652565491e-03 1.591066259610090982e-05
4.625153694199490156e-02 9.916421449662629617e-02 1.724506324525849066e-01 8.947911228744208356e-02 4.944018605438333519e-02 6.465915182221840946e-03 5.030319619543270095e-03 1.475303576265968135e-02 4.318505573477083789e-03 2.602775126914388316e-05
4.773196717740106620e-02 1.218144290433192944e-02 3.767600873162969127e-02 5.493254766892592678e-02 4.538520958585740006e-02 7.338976184437752924e-03 4.329642389169138621e-03 1.512774164670536298e-02 4.182614053002004124e-03 2.468323458047052079e-05
4.011627781236526890e-04 7.964910839867755596e-03 1.255131078891505436e-02 2.717015984139627138e-02 2.883135779163065876e-02 4.039457413621993197e-03 4.241015267921820035e-03 1.444632410017850782e-02 4.238502305122526966e-03 1.850040488788990762e-05
4.851211114348623690e-03 4.212455079253457136e-04 5.677606258684129211e-04 1.111571758150893194e-03 4.850935171259962604e-03 1.192119464528634690e-03 5.026255474468988710e-03 1.512599183145039820e-02 4.198178502293594197e-03 1.781478755859793248e-05
1.100255778583495488e-03 1.164154633027515524e-06 4.218616440354788289e-06 9.977967425812223014e-05 4.576100950989569664e-05 1.568984933977106693e-04 5.114830255748458766e-03 1.394220831705077386e-02 3.975897572315354768e-03 1.573414829405888902e-05
3.573134916228908200e-05 2.462814383318262350e-04 2.595957247317803905e-04 2.308845563993000471e-05 1.500027062761828582e-06 3.192623444837732198e-04 4.296466039469150691e-03 1.116684588764207953e-02 3.220737811397414961e-03 2.178903499470915100e-05
3.755846154381868910e-05 1.525250831643478930e-04 2.831160532600189837e-06 3.423379101627064858e-06 1.151448016664592942e-05 2.218163018877678276e-04 1.380818974998249691e-03 5.090489125959120863e-03 1.480411563548913968e-03 2.428743824133137357e-05
1.950257413305302254e-03 9.137296802097961691e-06 6.467793474735887591e-07 1.982534176761870267e-05 7.969644708228861816e-07 1.150614745480088344e-05 1.260655496584711839e-04 4.096805630770607751e-04 9.574093085311424115e-07 5.941606155181947746e-07
8.233764136914519297e-05 3.218367607087799166e-05 2.717969186127697725e-05 1.401984823242522232e-08 3.128305970691634196e-06 5.382296640059453191e-08 1.658421662323813073e-09 3.030767789422897081e-06 1.223799795645913058e-06 1.127008424643676716e-05
