4.710487154972840297e-03 7.403159594231144627e-03 9.838660685137601281e-02 4.723306310676243791e-02 3.935433976377309545e-02 6.609051677776699683e-03 6.843093019682540933e-03 9.318737073703939333e-03 7.473447655817288095e-05 6.602921140724604235e-08
4.439092909124315277e-03 1.369661222478358448e-02 4.645092770715963937e-02 3.293328896969031916e-02 3.689399860921525887e-02 7.841284708936713602e-03 1.060101027425000217e-02 8.199203463527829361e-03 2.744221807257164384e-05 1.456269929256854440e-07
1.251022017797103706e-03 4.662219760835598081e-03 2.449906170748859455e-02 3.381428334886864284e-02 3.645345651249166929e-02 3.853080225931796322e-03 8.492681470749866360e-03 8.650869554952344762e-03 3.421010360320765701e-05 4.410488601355822769e-07
6.240117451038750560e-05 3.120107074654826593e-03 5.651815762111505118e-03 2.308741680937708915e-02 2.577337289078988555e-02 5.527196874198072284e-03 9.215776537018108977e-03 8.358928297128908128e-03 6.286552931777076875e-05 6.527749452022379209e-10
2.347843112065828471e-03 3.751448516170786669e-04 6.368310926140915117e-03 5.332315844690119731e-03 1.071082239610379912e-02 2.017234424265182142e-03 9.181542684500264631e-03 7.816210560407750238e-03 4.378160100651613346e-05 3.037125893745712894e-07
2.850245572834747033e-03 1.754552886854444634e-03 9.118905309709404456e-04 4.069972183313142703e-04 1.626180381642624044e-03 3.553238043453744034e-05 8.332107470761509690e-03 5.885227458729304362e-03 5.129317164616802792e-05 2.114049082287133912e-07
2.713348151436892949e-03 3.493294160938640648e-04 2.479440698103267595e-05 9.941413820927722537e-07 2.284260659936053063e-05 2.653308680024684405e-04 4.637221482596632326e-03 1.780402733355495627e-03 5.222982109118057265e-05 6.754130440177424965e-08
8.139562612614086772e-04 3.923058842745378357e-04 3.407734382876525254e-07 5.651109193229186556e-06 2.618193136998621207e-06 5.167792256647381777e-05 1.541829225454954225e-04 3.033130437494174607e-05 3.132045975240017640e-06 1.109446024485580000e-09
1.502178960036174265e-04 6.664797793887253518e-06 1.553668952072014074e-04 1.004495467798706001e-08 4.569230563246097724e-07 4.248660434208486488e-07 1.132340794882857541e-09 2.137090521910529149e-07 1.220420482042981595e-06 6.646441722555403054e-08
1.977424217162085832e-05 5.763141767557972293e-06 1.721692375869956775e-06 1.477322193937564210e-06 3.141881081704149313e-06 7.850929658598007049e-07 2.452132906262408350e-12 1.384706078807362130e-12 1.755933777227296367e-10 2.035057634847334421e-09
