4.306769232126654856e-01 2.367995109670218146e-01 4.017837197036522312e-01 2.617798833144945880e-01 1.878122267963080461e-01 9.666343968764268269e-02 1.158007005455589759e-02 1.297200105871128793e-03 2.912436841666065420e-03 7.529182969923674396e-06
9.883231625623088712e-02 1.381417589645339006e-01 2.132294751588131865e-01 2.173071658002736772e-01 2.119662653237651961e-01 8.298627830484540946e-02 1.182868597181519973e-02 1.016722954741090292e-03 2.703492376224744548e-03 8.789095749591672828e-06
5.072908834560701900e-03 3.737954801486068762e-02 1.434655694596602415e-01 1.666190551153195198e-01 1.541219534665436153e-01 8.837385790804085095e-02 1.298898485172979636e-02 1.493022782475507231e-03 3.006559232754737153e-03 3.445913723985029678e-06
1.151323076352390876e-03 7.400794379277719943e-03 2.313238526278134019e-02 9.318533161561870504e-02 1.320963269740843271e-01 7.634738056718165522e-02 1.072927638724597253e-02 1.299486929735158090e-03 2.865454022952223373e-03 3.768990951113514417e-06
9.160918714399904350e-03 1.818662315423311571e-03 4.026697030832814689e-03 2.205903257376388982e-02 5.442337136035299561e-02 5.072952531298802192e-02 9.319958639538453160e-03 1.318004226519550303e-03 2.873680928370645534e-03 7.461076185624718062e-06
3.849034987764352175e-04 3.954340113522637236e-03 9.907619009820929385e-05 2.992504080410307750e-03 9.832354149048233571e-03 1.643655214767420283e-02 4.165367220638987664e-03 1.381597186697107894e-03 2.786027209604187687e-03 5.042889741037458743e-06
9.222973445735707220e-04 4.150108389424947376e-04 7.341670690091748458e-05 2.783237258629734311e-04 6.155933019447025305e-04 1.459283480453744952e-03 2.362010338707595065e-04 1.692118526718416763e-03 2.350070800096563332e-03 8.967641446496617231e-06
1.082729755499676864e-03 7.677114743495561080e-08 1.314682973136528459e-04 7.292644832678276520e-07 3.580608412704053140e-07 7.264563633727732147e-06 7.641575446590237019e-05 1.301895531159476174e-03 1.135579704191721920e-03 1.009592710265957315e-05
2.207166163867401408e-03 3.542031010745787706e-05 4.573927235154866592e-06 8.503825316898471290e-05 1.318042795934997476e-09 2.611214666005989000e-05 4.678496263570767593e-05 1.637887169752296726e-04 1.891767024545292769e-05 4.167770819864208509e-06
1.239589760989615811e-04 7.291459478849933690e-05 6.936368924037569002e-05 3.194888134603773437e-09 2.732565480086086319e-07 2.740733368749803193e-07 6.196762244845189542e-07 2.379772814789619808e-07 4.910613539206580460e-07 1.170562100427135358e-07
