3.183174643721977531e-02 2.468160490226782924e-02 3.208356236158751290e-02 3.392599393634538468e-02 3.699454414693575943e-02 3.779776513775466584e-02 1.913414843371126842e-02 -9.616569024841585545e-03 -1.889283487817920715e-02 1.084796594020995221e-03
5.836427275321431213e-02 2.811072845157897362e-02 2.956722609280436689e-02 3.275868274324828661e-02 3.912157252163325077e-02 3.552299192453023391e-02 1.930669485235058172e-02 -8.518213047465021670e-03 -1.816397847821368122e-02 1.171170624568886433e-03
7.604981992254261636e-02 4.349151593618814232e-02 4.147729130583985291e-02 3.308586422763869217e-02 3.668828757190776418e-02 3.733449734035459988e-02 2.034805798647422795e-02 -1.033326773574823679e-02 -1.919865068410112757e-02 7.334543515346230542e-04
1.556086923279724199e-01 8.102539777612841054e-02 4.499809989537211646e-02 4.341608437788584129e-02 4.318380941809635276e-02 3.787070555665521254e-02 1.900659817219631231e-02 -9.694828138930654260e-03 -1.880924988390743693e-02 7.678000141859966845e-04
1.562132991067100685e+00 1.808862485664413655e-01 7.024093057837467458e-02 6.119202432189038698e-02 4.855758108172474052e-02 3.838509015307418892e-02 1.908676791499959099e-02 -9.960141962474453048e-03 -1.890751837147912340e-02 1.082792570081658919e-03
1.970412072052632135e+00 1.290582669238851343e+00 5.557428736763398575e-02 9.505273561139575278e-02 6.238003904532985616e-02 3.954226425311982429e-02 1.601419449937479048e-02 -1.088342584544412829e-02 -1.888671711255991356e-02 8.949525257192429521e-04
-1.583392376147753033e+01 -2.181672778380093991e+00 -2.447814521777326446e-01 1.360785631528484974e-01 6.305229574733310638e-02 3.391896697604141614e-02 6.704594544095542411e-03 -1.475220829427143984e-02 -1.833416458987862513e-02 1.216654953817882271e-03
7.998258515973103044e+01 -1.399054856819375581e-01 1.517236174558866502e+00 3.223656068885864812e-02 6.629967381630909665e-03 9.011363211850793517e-03 -1.020783586972134893e-02 -2.126214123822779689e-02 -1.514045315754984806e-02 1.377532981934861218e-03
-4.516485736078415698e+02 1.316134300165628801e+01 1.217285313815181347e+00 -1.491934911999225788e+00 -1.692805464830683627e-03 -6.808976339875308370e-02 -2.723837542504435952e-02 -1.804376895087628913e-02 -3.120478325007704657e-03 1.086513971981992828e-03
4.852068587600815590e+02 -8.169328071544592262e+01 -2.023849495355040773e+01 3.883170754186874435e-02 1.038498987885936170e-01 2.922298961344040047e-02 1.243434018046409885e-02 2.346053769842653888e-03 1.243745302056080762e-03 -2.890472960343318807e-04
